Filter
#Name of the material
Al
# Density of the material (g/cm^3)
2.7
# Angular increment (°)
0.125
# Num values
177
# Thickness array (mm)
10.8831167221069
10.8831167221069
10.8711004257202
10.7718229293823
10.8369112014771
10.8647346496582
10.694146156311
10.7833385467529
10.8476400375366
10.9560012817383
10.8431339263916
10.8066558837891
10.8844757080078
10.9533548355103
11.0151529312134
11.0020637512207
10.9120845794678
10.8939170837402
10.943341255188
10.9497785568237
10.9629392623901
10.8763217926025
10.8816146850586
10.8402013778687
10.8174562454224
10.9952688217163
10.902214050293
10.8113765716553
10.8875513076782
10.9045028686523
10.9838962554932
11.0919713973999
11.0470175743103
11.0783815383911
11.1303091049194
11.1054182052612
11.1235857009888
11.2652063369751
11.2757205963135
11.4305019378662
11.423134803772
11.4956617355347
11.5417957305908
11.6181135177612
11.6084575653076
11.7015838623047
11.8949890136719
12.00270652771
12.0198726654053
12.1511936187744
12.3855829238892
12.3955249786377
12.59765625
12.8202438354492
13.1836652755737
13.1237268447876
13.2423162460327
13.3960962295532
13.6909246444702
13.8350486755371
13.9517784118652
14.1667127609253
14.3817901611328
14.4928693771362
14.8521423339844
15.1059865951538
15.3132677078247
15.4200553894043
15.6251907348633
15.7965660095215
16.119647026062
16.2949562072754
16.4634704589844
16.6587352752686
17.0667886734009
17.2869443893433
17.5549507141113
17.6875591278076
17.8201675415039
18.1852340698242
18.5607433319092
18.9321041107178
19.3243503570557
19.5237636566162
19.672966003418
19.9703693389893
20.2822208404541
20.7648754119873
21.0024833679199
21.3722705841064
21.7702388763428
21.7572212219238
22.1094131469727
22.3051071166992
22.569465637207
22.9971885681152
23.4114646911621
23.8490581512451
24.3696212768555
24.6831893920898
25.0722885131836
25.4728317260742
25.8150100708008
26.0660648345947
26.3812065124512
26.3853549957275
26.9637107849121
27.4955749511719
27.6932716369629
27.7865409851074
28.3736228942871
28.6860466003418
28.971004486084
29.1166305541992
29.6115875244141
30.4032325744629
30.5105209350586
31.080150604248
30.8818817138672
31.4618110656738
31.6088676452637
32.3032379150391
32.6723098754883
33.0682754516602
33.0222129821777
33.8018417358398
34.1154098510742
34.193229675293
34.7574234008789
35.0372314453125
34.7368240356445
34.9777221679688
35.7044219970703
36.3275527954102
36.6777420043945
37.617301940918
37.6224517822266
38.0270004272461
38.7502670288086
38.4321212768555
38.5276794433594
39.1027450561523
39.689826965332
39.0707015991211
39.8242950439453
39.5164489746094
39.9948120117188
40.8222198486328
40.7341003417969
40.9440994262695
40.9584045410156
40.5069351196289
41.4218902587891
41.8315887451172
41.4773941040039
41.8149948120117
42.0055389404297
41.9797897338867
42.3831939697266
41.8590545654297
42.8226470947266
42.5748825073242
43.1156158447266
42.5909042358398
42.6795959472656
42.4375534057617
42.8157806396484
42.7894592285156
42.7482604980469
42.8134918212891
42.7059173583984
42.5697326660156
43.4452056884766
43.7204360961914
43.4532165527344
43.6180114746094
43.5161590576172
0
0
0
0
0
0
0
0
0
0
0
0
0
0
0
0
0
0
0
0
0
0
0
0
0
0
0
0
0
0
0
0
0
0
0
0
0
0
0
0
0
0
0
0
0
0
0
0
