  1     13.6     0.0     0.0     0.0    0.0    0.0
  2     24.6     0.0     0.0     0.0    0.0    0.0
  3     58.0     5.4     0.0     0.0    0.0    0.0
  4    115.0     9.3     0.0     0.0    0.0    0.0
  5    192.0    11.4     0.0     0.0    0.0    0.0
  6    288.0    16.6     0.0     0.0    0.0    0.0
  7    403.0    20.3    14.5    14.0    0.0    0.0
  8    538.0    28.5    13.6    14.0    0.0    0.0
  9    694.0    37.9    17.4    17.0    0.0    0.0
 10    870.1    48.5    21.7    21.6    0.0    0.0
 11   1072.1    66.0    34.0    34.0    5.1    0.0
 12   1305.0    92.0    54.0    54.0    7.6    0.0
 13   1559.6   121.0    77.0    77.0    9.1    0.0
 14   1838.9   154.0   104.0   104.0   10.8    0.0
 15   2145.5   191.0   135.0   134.0   13.3    0.0
 16   2472.0   232.0   170.0   168.0   15.3    0.0
 17   2822.4   277.0   208.0   206.0   18.8    0.0
 18   3202.9   326.5   250.6   248.5   20.3    0.0
 19   3607.4   381.0   299.0   296.0   19.8    0.0
 20   4038.1   441.0   353.0   349.0   27.0    0.0
 21   4492.8   503.0   408.0   403.0   32.0    0.0
 22   4966.4   567.0   465.0   459.0   31.2    0.0
 23   5465.1   633.0   525.0   518.0   34.7    0.0
 24   5989.2   702.0   589.0   580.0   38.6    0.0
 25   6539.0   755.0   656.0   645.0   42.7    0.0
 26   7112.0   851.0   726.0   713.0   47.0    0.0
 27   7708.9   931.0   800.0   785.0   51.6    0.0
 28   8332.8  1008.1   877.0   860.0   57.0    7.6
 29   8978.9  1096.1   958.0   938.0   62.1    7.7
 30   9658.6  1193.6  1042.8  1019.7   69.8    9.4
 31  10367.1  1297.7  1142.3  1115.4   84.2    9.3
 32  11103.1  1414.3  1247.8  1216.7  100.8   11.1
 33  11866.7  1526.5  1358.6  1323.1  119.0   13.4
 34  12657.8  1653.9  1476.2  1435.8  138.8   14.9
 35  13473.7  1782.0  1596.0  1549.9  160.2   17.8
 36  14325.6  1921.0  1727.2  1674.9  183.6   18.7
 37  15199.7  2065.1  1863.9  1804.4  209.6   16.9
 38  16104.6  2216.3  2006.8  1939.6  238.6   22.7
 39  17038.4  2372.5  2155.5  2080.0  268.0   28.4
 40  17997.6  2531.6  2306.7  2222.3  297.8   32.9
 41  18985.6  2697.7  2464.7  2370.5  328.4   30.8
 42  19999.5  2865.5  2625.1  2520.2  359.4   40.8
 43  21044.0  3042.5  2793.2  2676.9  391.2   37.0
 44  22117.2  3224.0  2966.9  2837.9  424.4   39.9
 45  23219.9  3411.9  3146.1  3003.8  458.4   43.3
 46  24350.3  3604.3  3330.3  3173.3  493.6   46.0
 47  25514.0  3805.8  3523.7  3351.1  532.2   43.6
 48  26711.2  4018.0  3727.0  3537.5  574.8   49.5
 49  27939.9  4237.5  3938.0  3730.1  621.6   57.9
 50  29200.1  4464.7  4156.1  3928.8  670.8   58.9
 51  30491.2  4698.3  4380.4  4132.2  722.4   67.7
 52  31813.8  4939.2  4612.0  4341.4  776.0   77.0
 53  33169.4  5188.1  4852.1  4557.1  832.0   87.2
 54  34561.4  5452.8  5103.7  4782.2  891.4   98.5
 55  35984.6  5714.3  5359.4  5011.9  951.6  110.0
 56  37440.6  5988.8  5623.6  5247.0 1014.6  123.3
 57  38924.6  6266.3  5890.6  5482.7 1076.2  135.0
 58  40443.0  6548.8  6164.2  5723.4 1136.8  142.1
 59  41990.6  6834.8  6440.4  5964.3 1196.6  150.0
 60  43568.9  7126.0  6721.5  6207.9 1255.8  156.7
 61  45184.0  7427.9  7012.8  6459.3 1316.0  163.3
 62  46834.2  7736.8  7311.8  6716.2 1377.8  170.3
 63  48519.0  8052.0  7617.1  6976.9 1441.2  177.6
 64  50239.1  8375.6  7930.3  7242.8 1506.4  185.4
 65  51995.7  8708.0  8251.6  7514.0 1573.0  194.1
 66  53788.5  9045.8  8580.6  7790.1 1641.0  203.0
 67  55617.7  9394.2  8917.8  8071.1 1710.8  212.3
 68  57485.5  9751.3  9264.3  8357.9 1782.2  221.9
 69  59389.6 10115.7  9616.9  8648.0 1855.0  231.9
 70  61332.3 10486.4  9978.2  8943.6 1929.2  234.7
 71  63313.8 10870.4 10348.6  9244.1 2008.8  248.6
 72  65350.8 11270.7 10739.4  9560.7 2094.2  265.6
 73  67416.4 11681.5 11136.1  9881.1 2182.8  283.0
 74  69525.0 12099.8 11544.0 10206.8 2273.6  300.7
 75  71676.4 12526.7 11958.7 10535.3 2366.8  319.3
 76  73870.8 12968.0 12385.0 10870.9 2462.2  338.4
 77  76111.0 13418.5 12824.1 11215.4 2560.8  359.1
 78  78394.8 13879.9 13272.6 11563.7 2662.2  381.0
 79  80724.9 14352.8 13733.6 11918.7 2767.2  404.4
 80  83102.3 14839.3 14208.7 12283.9 2878.4  431.9
 81  85530.4 15346.7 14697.9 12657.5 2995.0  463.6
 82  88004.5 15860.8 15200.0 13035.2 3114.2  495.9
 83  90525.9 16387.5 15711.1 13418.6 3236.0  528.7
 84  93105.0 16939.3 16244.3 13813.8 3360.6  562.4
 85  95729.9 17493.0 16784.7 14213.5 3488.6  597.1
 86  98404.0 18049.0 17337.1 14619.4 3601.2  632.4
 87 101137.0 18639.0 17906.5 15031.2 3754.8  671.1
 88 103922.0 19236.7 18484.3 15444.4 3895.2  713.1
 89 106756.0 19840.0 19083.2 15871.0 4036.8  754.0
 90 109651.0 20472.1 19693.2 16300.3 4179.2  793.6
 91 112601.0 21104.6 20313.7 16733.1 4322.6  832.0
 92 115606.0 21757.4 20947.6 17166.3 4467.6  869.1
 93 118678.0 22426.8 21600.5 17610.0 4615.0  906.9
 94 121818.0 23097.2 22266.2 18056.8 4765.4  944.7
 95 125027.0 23772.9 22944.0 18504.1 4918.6  981.6
 96 128220.0 24460.0 23799.0 18930.0 5067.4 1015.3
 97 131590.0 25275.0 24385.0 19452.0 5227.8 1056.6
 98 135960.0 26110.0 25250.0 19930.0 5385.4 1094.1
 99 139490.0 26900.0 26020.0 20410.0 5472.2 1136.7
100 143090.0 27700.0 26810.0 20900.0 5728.4 1186.6

   1  1.00000  1.00010  1.00010  1.00010  1.00010
   2  1.00000  1.00010  1.00010  1.00010  1.00010
   3   .98706  1.00000  1.00010  1.00010  1.00010
   4   .96838  1.00000  1.00010  1.00010  1.00010
   5   .95961   .48980   .33341  1.00000  1.00010
   6   .95378   .29973   .33334  1.00000  1.00010
   7   .94901   .21270   .33324  1.00000  1.00010
   8   .94486   .16436   .33307  1.00000  1.00010
   9   .94092   .13377   .33284  1.00000  1.00010
  10   .93710   .11276   .33256  1.00000  1.00010
  11   .93142   .12656   .33083   .99299  1.00000
  12   .92552   .14053   .32736   .97784  1.00000
  13   .92036   .14924   .32360   .96096  1.00000
  14   .91593   .15379   .31954   .94328  1.00000
  15   .91218   .15669   .31428   .92546  1.00000
  16   .90790   .15709   .30754   .91068  1.00000
  17   .90446   .15939   .30001   .89617  1.00000
  18   .90130   .15885   .30143   .87453  1.00000
  19   .89817   .16561   .30600   .85876  1.00000
  20   .89489   .16802   .29900   .84379  1.00000
  21   .89248   .16963   .29691   .83777   .98463
  22   .89030   .17057   .29597   .83208   .98606
  23   .88834   .17135   .29550   .82671   .98720
  24   .88695   .17091   .29413   .82754   .99581
  25   .88493   .17209   .29237   .81827   .98913
  26   .88334   .17243   .29243   .81285   .98996
  27   .88184   .17282   .29124   .80865   .99070
  28   .88042   .17303   .29063   .80394   .99137
  29   .87960   .17222   .29169   .80352   .99714
  30   .87783   .17326   .28905   .79514   .99253
  31   .87627   .17394   .28832   .78730   .98419
  32   .87464   .17470   .28719   .78063   .97898
  33   .87316   .17509   .28629   .77366   .97408
  34   .87159   .17575   .28548   .76609   .96843
  35   .87013   .17617   .28496   .75862   .96193
  36   .86859   .17674   .28252   .75092   .95493
  37   .86706   .17760   .28255   .74458   .95107
  38   .86545   .17840   .28185   .73748   .94769
  39   .86403   .17907   .28067   .73103   .94186
  40   .86256   .17954   .27993   .72527   .93552
  41   .86137   .18003   .27949   .72019   .92657
  42   .85995   .18041   .27880   .71495   .91991
  43   .85862   .18066   .27833   .70985   .91336
  44   .85728   .18087   .27728   .70979   .90686
  45   .85595   .18126   .27744   .70017   .90057
  46   .85473   .18142   .27710   .69597   .89213
  47   .85336   .18169   .27668   .69121   .88847
  48   .85192   .18206   .27638   .68633   .88572
  49   .85057   .18238   .27560   .68206   .88419
  50   .84918   .18265   .27551   .67703   .87998
  51   .84776   .18296   .27551   .67195   .87897
  52   .84638   .18325   .27534   .66773   .87699
  53   .84496   .18333   .27468   .66393   .87577
  54   .84350   .18353   .27504   .65886   .87480
  55   .84208   .18412   .27491   .65431   .87067
  56   .84061   .18423   .27482   .65002   .86094
  57   .83917   .18437   .27487   .64609   .85581
  58   .83781   .18449   .27545   .64389   .85595
  59   .83648   .18453   .27584   .64105   .85560
  60   .83506   .18473   .27638   .63831   .85068
  61   .83366   .18481   .27694   .63567   .84912
  62   .83226   .18492   .27750   .63312   .84669
  63   .83082   .18496   .27811   .63073   .84637
  64   .82931   .18502   .27872   .62770   .84245
  65   .82792   .18509   .27955   .62597   .84387
  66   .82649   .18510   .28030   .62381   .84279
  67   .82497   .18537   .28111   .62157   .84132
  68   .82346   .18502   .28200   .61951   .83839
  69   .82190   .18508   .28291   .61738   .83690
  70   .82037   .18503   .28386   .61527   .83461
  71   .81881   .18503   .28475   .61284   .83301
  72   .81704   .18496   .28571   .61031   .82985
  73   .81544   .18476   .28676   .60798   .82717
  74   .81371   .18479   .28764   .60550   .82466
  75   .81195   .18466   .28855   .60318   .81999
  76   .81015   .18456   .28969   .60065   .81475
  77   .80844   .18436   .29078   .59854   .81238
  78   .80652   .18421   .29189   .59602   .80933
  79   .80470   .18402   .29310   .59367   .80810
  80   .80268   .18388   .29423   .59096   .80485
  81   .80072   .18372   .29546   .58866   .80319
  82   .79898   .18345   .29692   .58613   .80331
  83   .79693   .18316   .29818   .58370   .79987
  84   .79475   .18296   .29934   .58145   .79915
  85   .79254   .18271   .30077   .57866   .79589
  86   .79032   .18238   .30219   .57627   .79342
  87   .78804   .18206   .30384   .57394   .79212
  88   .78567   .18169   .30501   .57145   .78795
  89   .78335   .18142   .30659   .56891   .78483
  90   .78101   .18125   .30819   .56669   .78254
  91   .77859   .18059   .31005   .56473   .78060
  92   .77591   .18021   .31188   .56255   .77876
  93   .77509   .17971   .31378   .56055   .77665
  94   .77060   .17930   .31569   .55863   .77523
  95   .76825   .17881   .31776   .55640   .77369
  96   .76559   .17829   .31973   .55458   .77143
  97   .76278   .17797   .32183   .55266   .76968
  98   .75971   .17734   .32405   .55092   .76804
  99   .75680   .17660   .32639   .54888   .76617
 100   .75421   .17597   .32861   .54727   .76470

  1 0.000000 0.000000 0.000000 0.000000 0.000000 0.000000 0.000000 0.000000 0.000000 0.000000 0.000000 0.000000 0.000000 0.000000 0.000000 0.000000 0.910000 0.045000 0.045000
  2 0.000000 0.000000 0.000000 0.000000 0.000000 0.000000 0.000000 0.000000 0.000000 0.000000 0.000000 0.000000 0.000000 0.000000 0.000000 0.000000 0.910000 0.045000 0.045000
  3 0.000000 0.000000 0.000000 0.000000 0.000000 0.000000 0.000000 0.000000 0.000000 0.000000 0.000000 0.000000 0.000000 0.000000 0.000000 0.000000 0.910000 0.045000 0.045000
  4 0.000000 0.000000 0.000000 0.000000 0.000000 0.000000 0.000000 0.000000 0.000000 1.000000 0.000000 0.000000 0.000000 0.000000 0.000000 0.000000 0.000000 0.000000 0.000000
  5 0.000000 0.000000 0.000000 0.000000 0.000000 0.000000 0.000000 0.000000 0.000000 1.000000 0.000000 0.000000 0.000000 0.000000 0.000000 0.000000 0.000000 0.000000 0.000000
  6 0.000000 0.000000 0.000000 0.000000 0.000000 0.000000 0.000000 0.000000 0.000000 1.000000 0.000000 0.000000 0.000000 0.000000 0.000000 0.000000 0.000000 0.000000 0.000000
  7 0.000000 0.000000 0.000000 0.000000 0.000000 0.000000 0.000000 0.000000 0.000000 1.000000 0.000000 0.000000 0.000000 0.000000 0.000000 0.000000 0.000000 0.000000 0.000000
  8 0.000000 0.000000 0.000000 0.000000 0.000000 0.000000 0.000000 0.000000 0.000000 1.000000 0.000000 0.000000 0.000000 0.000000 0.000000 0.000000 0.000000 0.000000 0.000000
  9 0.000000 0.000000 0.000000 0.000000 0.000000 0.000000 0.000000 0.000000 0.000000 1.000000 0.000000 0.000000 0.000000 0.000000 0.000000 0.000000 0.000000 0.000000 0.000000
 10 0.000000 0.000000 0.000000 0.000000 0.000000 0.000000 0.000000 0.000000 0.000000 1.000000 0.000000 0.000000 0.000000 0.000000 0.000000 0.000000 0.000000 0.000000 0.000000
 11 0.016447 0.008553 0.000000 0.000000 0.009784 0.032043 0.019202 0.028855 0.868669 0.004747 0.000000 0.000000 0.000281 0.000000 0.000000 0.000000 0.010647 0.000527 0.000527
 12 0.019737 0.010263 0.000000 0.000000 0.011201 0.036682 0.021807 0.032685 0.834110 0.005385 0.000000 0.000000 0.001491 0.000000 0.000000 0.000000 0.025598 0.001266 0.001266
 13 0.029801 0.015199 0.000000 0.000000 0.012403 0.040619 0.023953 0.035808 0.785695 0.005907 0.000000 0.000000 0.003290 0.000000 0.000000 0.000000 0.046060 0.002278 0.002278
 14 0.032895 0.017105 0.000000 0.000000 0.013867 0.045413 0.026563 0.039603 0.756261 0.006543 0.000000 0.000000 0.005619 0.000000 0.000000 0.000000 0.056192 0.002779 0.002779
 15 0.039474 0.020526 0.000000 0.000000 0.015014 0.049172 0.028528 0.042416 0.712312 0.007017 0.000000 0.000000 0.010008 0.000000 0.000000 0.000000 0.077841 0.003849 0.003849
 16 0.053352 0.026032 0.003617 0.000000 0.015841 0.051879 0.029850 0.044259 0.659633 0.007333 0.000000 0.000000 0.014500 0.000000 0.000000 0.000000 0.098467 0.004869 0.004869
 17 0.061084 0.029342 0.005574 0.000000 0.016943 0.055489 0.031662 0.046812 0.624191 0.007767 0.000000 0.000000 0.018049 0.000000 0.000000 0.000000 0.110234 0.005451 0.005451
 18 0.088190 0.041695 0.010115 0.000000 0.017247 0.056483 0.031959 0.047116 0.566067 0.007829 0.000000 0.000000 0.022794 0.000000 0.000000 0.000000 0.121303 0.005999 0.005999
 19 0.096599 0.044650 0.013750 0.000000 0.017910 0.058655 0.032909 0.048372 0.527004 0.008050 0.000000 0.000000 0.026749 0.000000 0.000000 0.000325 0.138411 0.006845 0.006845
 20 0.107119 0.049368 0.018513 0.000000 0.018767 0.061462 0.034190 0.050104 0.497851 0.008351 0.000000 0.000000 0.028366 0.000000 0.000000 0.000638 0.140390 0.006942 0.006942
 21 0.110551 0.050968 0.018481 0.000000 0.019785 0.064796 0.035735 0.052207 0.475581 0.008716 0.000000 0.000000 0.030673 0.000000 0.000000 0.000658 0.148494 0.007343 0.007343
 22 0.115447 0.055217 0.019337 0.000000 0.020831 0.068223 0.037299 0.054322 0.455810 0.009083 0.000000 0.000000 0.031230 0.000000 0.000000 0.000670 0.149631 0.007399 0.007399
 23 0.145355 0.070571 0.024074 0.000000 0.020740 0.067922 0.036811 0.053439 0.414818 0.008951 0.000000 0.000000 0.030249 0.000000 0.000000 0.000586 0.143161 0.007079 0.007079
 24 0.138835 0.068441 0.022724 0.000000 0.022318 0.073090 0.039262 0.056812 0.409596 0.009532 0.000000 0.000000 0.031023 0.000000 0.000000 0.000537 0.145045 0.007173 0.007173
 25 0.163458 0.082565 0.026976 0.000000 0.022297 0.073023 0.038878 0.056068 0.376821 0.009424 0.000000 0.000000 0.029468 0.000000 0.000000 0.000479 0.136945 0.006772 0.006772
 26 0.187015 0.096853 0.031131 0.000000 0.022045 0.072196 0.038093 0.054748 0.344166 0.009218 0.000000 0.000000 0.028331 0.000000 0.000000 0.000431 0.131527 0.006504 0.006504
 27 0.190368 0.097564 0.032068 0.000000 0.022978 0.075253 0.039347 0.056353 0.332402 0.009506 0.000000 0.000000 0.028400 0.000000 0.000000 0.000432 0.131186 0.006487 0.006487
 28 0.220553 0.111861 0.037585 0.000000 0.022290 0.073001 0.037820 0.053974 0.299604 0.009122 0.000000 0.000000 0.026700 0.000000 0.000000 0.000407 0.122113 0.006039 0.006039
 29 0.236899 0.119214 0.041523 0.002364 0.022170 0.072606 0.037269 0.052994 0.277588 0.008973 0.000000 0.000000 0.025674 0.000000 0.000000 0.000391 0.116844 0.005778 0.005778
 30 0.261438 0.130535 0.047087 0.000940 0.021663 0.068238 0.036078 0.051110 0.253281 0.008671 0.000000 0.000000 0.024306 0.000000 0.000000 0.000370 0.110074 0.005443 0.005443
 31 0.256073 0.126670 0.047257 0.000000 0.022778 0.068504 0.037579 0.053033 0.249245 0.009015 0.000000 0.000000 0.027345 0.000000 0.000000 0.000730 0.118159 0.005843 0.005843
 32 0.303749 0.148859 0.057392 0.000000 0.020014 0.057339 0.032705 0.045976 0.205389 0.007832 0.000000 0.000000 0.026901 0.000000 0.000000 0.001034 0.109879 0.005434 0.005434
 33 0.315341 0.153819 0.060840 0.000000 0.020970 0.057301 0.033941 0.047523 0.202232 0.008113 0.000000 0.000000 0.018509 0.000000 0.000000 0.001160 0.090928 0.004496 0.004496
 34 0.341768 0.165928 0.067304 0.000000 0.018980 0.049348 0.030422 0.042423 0.172324 0.007258 0.000000 0.000000 0.021714 0.000000 0.000000 0.001888 0.094863 0.004691 0.004691
 35 0.369418 0.179186 0.074397 0.000000 0.017109 0.042260 0.027157 0.037711 0.146503 0.006466 0.000000 0.000000 0.021793 0.000000 0.000000 0.002421 0.090813 0.004491 0.004491
 36 0.390423 0.189197 0.080380 0.000000 0.016320 0.038189 0.025649 0.035465 0.132013 0.006095 0.000000 0.000000 0.017363 0.000000 0.000000 0.002594 0.078504 0.003882 0.003882
 37 0.401295 0.194572 0.084132 0.000000 0.015663 0.036925 0.024371 0.033551 0.119873 0.005779 0.000000 0.000000 0.017285 0.000000 0.000000 0.002515 0.076292 0.003773 0.003773
 38 0.376785 0.182788 0.080427 0.000000 0.018696 0.044404 0.028799 0.039468 0.135583 0.006815 0.000000 0.000000 0.016085 0.000000 0.000000 0.002277 0.078475 0.003881 0.003881
 39 0.422422 0.205132 0.091892 0.000554 0.014551 0.032012 0.022186 0.030265 0.100126 0.005239 0.000000 0.000000 0.016029 0.000000 0.000000 0.002186 0.068815 0.003403 0.003403
 40 0.408640 0.198638 0.090579 0.002144 0.016131 0.032666 0.024343 0.033052 0.105464 0.005736 0.000000 0.000000 0.018073 0.000000 0.000000 0.002280 0.075174 0.003717 0.003717
 41 0.423815 0.206482 0.095705 0.003997 0.014843 0.029056 0.022167 0.029952 0.092320 0.005211 0.000000 0.000000 0.016956 0.000000 0.000000 0.002225 0.069571 0.003440 0.003440
 42 0.441686 0.215681 0.101598 0.006035 0.013295 0.025128 0.019648 0.026415 0.078762 0.004608 0.000000 0.000000 0.014982 0.000000 0.000000 0.002043 0.061100 0.003021 0.003021
 43 0.431044 0.211103 0.100711 0.007142 0.014784 0.027276 0.021616 0.028913 0.083513 0.005058 0.000000 0.000000 0.015277 0.000000 0.000000 0.002182 0.062645 0.003098 0.003098
 44 0.446224 0.219185 0.105888 0.008703 0.013018 0.023432 0.018830 0.025056 0.070199 0.004396 0.000000 0.000000 0.014751 0.000000 0.000000 0.002204 0.059214 0.002928 0.002928
 45 0.450150 0.221632 0.108393 0.009825 0.012658 0.022152 0.018112 0.023971 0.065230 0.004217 0.000000 0.000000 0.014716 0.000000 0.000000 0.002141 0.057929 0.002865 0.002865
 46 0.454030 0.224071 0.110926 0.010973 0.012361 0.021014 0.017494 0.023024 0.060932 0.004063 0.000000 0.000000 0.014313 0.000000 0.000000 0.002026 0.055611 0.002750 0.002750
 47 0.474719 0.234960 0.117708 0.012613 0.009103 0.015134 0.012740 0.016673 0.042963 0.002952 0.005504 0.005220 0.007457 0.000758 0.000719 0.001027 0.054996 0.002720 0.002720
 48 0.467079 0.231851 0.117526 0.013543 0.010639 0.017289 0.014724 0.019157 0.048123 0.003402 0.004485 0.004195 0.006025 0.000700 0.000655 0.000940 0.051567 0.002550 0.002550
 49 0.470990 0.234499 0.120128 0.014382 0.010335 0.016380 0.014141 0.018287 0.044837 0.003259 0.003837 0.003540 0.005112 0.000672 0.000620 0.000895 0.048013 0.002374 0.002374
 50 0.469274 0.234354 0.121313 0.015059 0.010727 0.016574 0.014511 0.018649 0.044679 0.003334 0.003715 0.003380 0.004907 0.000718 0.000653 0.000949 0.046888 0.002319 0.002319
 51 0.478715 0.239919 0.125233 0.016134 0.009584 0.014544 0.012814 0.016364 0.038352 0.002936 0.003327 0.002984 0.004358 0.000643 0.000577 0.000842 0.041319 0.002043 0.002043
 52 0.482529 0.242692 0.127733 0.017047 0.009053 0.013489 0.011963 0.015176 0.034834 0.002733 0.003177 0.002808 0.004125 0.000610 0.000539 0.000792 0.038904 0.001924 0.001924
 53 0.491990 0.248254 0.131724 0.018032 0.007398 0.010801 0.009660 0.012172 0.027390 0.002200 0.003463 0.003016 0.004457 0.000664 0.000579 0.000855 0.036746 0.001817 0.001817
 54 0.484848 0.245449 0.131286 0.018417 0.008674 0.012404 0.011190 0.014002 0.030924 0.002541 0.003116 0.002674 0.003975 0.000598 0.000513 0.000763 0.036642 0.001812 0.001812
 55 0.494104 0.251011 0.135324 0.019561 0.007466 0.010509 0.009516 0.011821 0.025649 0.002154 0.002386 0.002017 0.003017 0.000524 0.000443 0.000662 0.029926 0.001480 0.001480
 56 0.475930 0.242627 0.131832 0.019611 0.009727 0.013472 0.012245 0.015098 0.032222 0.002762 0.003421 0.002847 0.004288 0.000751 0.000625 0.000941 0.040471 0.002001 0.002001
 57 0.496323 0.253659 0.138779 0.021239 0.006893 0.009425 0.008569 0.010485 0.022030 0.001927 0.002394 0.001961 0.002973 0.000525 0.000431 0.000653 0.027912 0.001380 0.001380
 58 0.489397 0.250749 0.138128 0.021726 0.007704 0.010401 0.009457 0.011480 0.023774 0.002119 0.002828 0.002281 0.003480 0.000621 0.000501 0.000764 0.031909 0.001578 0.001578
 59 0.487941 0.250666 0.139361 0.022031 0.007420 0.009981 0.008993 0.010827 0.022121 0.002008 0.003549 0.002817 0.004328 0.000779 0.000618 0.000950 0.035172 0.001739 0.001739
 60 0.491892 0.253369 0.142157 0.022582 0.007158 0.009592 0.008563 0.010222 0.020626 0.001905 0.002657 0.002074 0.003210 0.000583 0.000455 0.000705 0.029061 0.001437 0.001437
 61 0.490438 0.253180 0.143225 0.023157 0.006931 0.009288 0.008183 0.009683 0.019316 0.001813 0.003247 0.002493 0.003885 0.000713 0.000547 0.000853 0.031655 0.001565 0.001565
 62 0.488985 0.252992 0.144291 0.023732 0.007373 0.009880 0.008590 0.010071 0.019883 0.001896 0.002743 0.002071 0.003252 0.000602 0.000455 0.000714 0.029400 0.001454 0.001454
 63 0.487807 0.253044 0.145109 0.024040 0.007317 0.009804 0.008410 0.009767 0.019104 0.001849 0.003114 0.002310 0.003656 0.000684 0.000507 0.000803 0.030712 0.001519 0.001519
 64 0.494652 0.257268 0.148331 0.024748 0.006303 0.008446 0.007146 0.008218 0.015941 0.001565 0.002415 0.001761 0.002809 0.000530 0.000387 0.000617 0.024917 0.001232 0.001232
 65 0.492542 0.257043 0.148991 0.025424 0.006579 0.008833 0.007357 0.008374 0.016128 0.001604 0.002344 0.001679 0.002700 0.000515 0.000369 0.000593 0.024684 0.001221 0.001221
 66 0.501063 0.262383 0.152892 0.026661 0.004861 0.006539 0.005360 0.006037 0.011554 0.001163 0.002007 0.001412 0.002289 0.000441 0.000310 0.000502 0.019552 0.000967 0.000967
 67 0.492849 0.258751 0.151804 0.026596 0.005938 0.008016 0.006454 0.007189 0.013691 0.001394 0.002689 0.001856 0.003036 0.000590 0.000407 0.000666 0.024859 0.001229 0.001229
 68 0.504757 0.265691 0.156932 0.027620 0.003775 0.005116 0.004044 0.004454 0.008448 0.000870 0.001895 0.001284 0.002118 0.000416 0.000282 0.000465 0.016647 0.000823 0.000823
 69 0.495523 0.261261 0.155485 0.027731 0.005347 0.007312 0.005644 0.006141 0.011616 0.001208 0.002173 0.001444 0.002404 0.000477 0.000317 0.000528 0.020687 0.001023 0.001023
 70 0.494216 0.261003 0.156504 0.028276 0.005262 0.007261 0.005472 0.005881 0.011104 0.001165 0.002445 0.001593 0.002678 0.000537 0.000350 0.000588 0.021708 0.001073 0.001073
 71 0.492924 0.260990 0.157270 0.028816 0.005678 0.007921 0.005816 0.006170 0.011644 0.001232 0.001954 0.001248 0.002118 0.000429 0.000274 0.000465 0.019600 0.000969 0.000969
 72 0.491632 0.260977 0.158036 0.029355 0.005510 0.007770 0.005558 0.005816 0.010985 0.001171 0.002335 0.001461 0.002504 0.000512 0.000321 0.000550 0.021103 0.001044 0.001044
 73 0.485008 0.262388 0.160048 0.038556 0.005024 0.007184 0.004989 0.005147 0.009740 0.001045 0.002120 0.001299 0.002250 0.000465 0.000285 0.000494 0.018993 0.000939 0.000939
 74 0.483128 0.261856 0.160882 0.039134 0.005151 0.007469 0.005035 0.005117 0.009716 0.001048 0.002227 0.001336 0.002339 0.000489 0.000293 0.000513 0.019532 0.000966 0.000966
 75 0.484714 0.263440 0.162618 0.040227 0.004612 0.006826 0.004436 0.004439 0.008467 0.000918 0.002053 0.001209 0.002110 0.000451 0.000265 0.000463 0.017566 0.000869 0.000869
 76 0.485772 0.264746 0.164191 0.041291 0.004187 0.006322 0.003961 0.003899 0.007483 0.000815 0.001867 0.001079 0.001878 0.000410 0.000237 0.000412 0.015773 0.000780 0.000780
 77 0.477088 0.260488 0.162682 0.041741 0.005560 0.008465 0.005174 0.005006 0.009678 0.001057 0.002546 0.001443 0.002504 0.000559 0.000317 0.000550 0.020985 0.001038 0.001038
 78 0.484604 0.265078 0.166704 0.043614 0.003938 0.006045 0.003603 0.003423 0.006679 0.000731 0.001698 0.000944 0.001632 0.000373 0.000207 0.000358 0.014178 0.000701 0.000701
 79 0.482903 0.264870 0.167322 0.044905 0.003907 0.006094 0.003513 0.003274 0.006457 0.000708 0.001840 0.001002 0.001728 0.000404 0.000220 0.000379 0.014604 0.000722 0.000722
 80 0.477193 0.262456 0.166540 0.045811 0.004684 0.007424 0.004139 0.003781 0.007547 0.000827 0.002329 0.001242 0.002135 0.000511 0.000273 0.000469 0.017834 0.000882 0.000882
 81 0.480406 0.264942 0.169097 0.047555 0.003797 0.006094 0.003296 0.002947 0.005967 0.000654 0.001797 0.000938 0.001607 0.000394 0.000206 0.000353 0.013873 0.000686 0.000686
 82 0.477612 0.264119 0.169552 0.048717 0.004020 0.006532 0.003426 0.002995 0.006162 0.000674 0.001956 0.001000 0.001706 0.000429 0.000219 0.000375 0.014733 0.000729 0.000729
 83 0.476077 0.263746 0.170194 0.049983 0.004093 0.006723 0.003424 0.002922 0.006122 0.000668 0.001945 0.000972 0.001653 0.000427 0.000213 0.000363 0.014604 0.000722 0.000722
 84 0.466633 0.258982 0.167989 0.050396 0.005696 0.009456 0.004677 0.003891 0.008317 0.000904 0.002929 0.001432 0.002424 0.000643 0.000314 0.000532 0.020984 0.001038 0.001038
 85 0.472681 0.263044 0.171578 0.052697 0.004129 0.006999 0.003325 0.002692 0.005886 0.000637 0.002082 0.000995 0.001677 0.000457 0.000218 0.000368 0.014862 0.000735 0.000735
 86 0.470819 0.262717 0.172320 0.054144 0.004165 0.007206 0.003289 0.002586 0.005799 0.000624 0.002113 0.000986 0.001655 0.000464 0.000216 0.000363 0.014862 0.000735 0.000735
 87 0.469213 0.262289 0.172901 0.055596 0.004214 0.007364 0.003262 0.002486 0.005731 0.000612 0.002145 0.000977 0.001632 0.000471 0.000214 0.000358 0.014862 0.000735 0.000735
 88 0.467608 0.261861 0.173483 0.057048 0.004263 0.007524 0.003233 0.002382 0.005666 0.000601 0.002178 0.000968 0.001609 0.000478 0.000212 0.000353 0.014862 0.000735 0.000735
 89 0.465688 0.261481 0.174161 0.058669 0.004307 0.007709 0.003199 0.002273 0.005594 0.000587 0.002211 0.000958 0.001585 0.000485 0.000210 0.000348 0.014862 0.000735 0.000735
 90 0.463768 0.261102 0.174841 0.060289 0.004337 0.007872 0.003154 0.002154 0.005508 0.000572 0.002249 0.000950 0.001562 0.000494 0.000208 0.000343 0.014925 0.000738 0.000738
 91 0.462100 0.260623 0.175363 0.061914 0.004385 0.008047 0.003120 0.002042 0.005446 0.000559 0.002285 0.000939 0.001536 0.000502 0.000206 0.000337 0.014925 0.000738 0.000738
 92 0.463789 0.262041 0.177167 0.064004 0.003657 0.006784 0.002545 0.001590 0.004443 0.000450 0.001916 0.000766 0.001245 0.000421 0.000168 0.000273 0.012313 0.000609 0.000609
 93 0.449123 0.254201 0.172907 0.063769 0.006700 0.012680 0.004558 0.002704 0.007963 0.000794 0.003541 0.001377 0.002223 0.000777 0.000302 0.000488 0.022388 0.001107 0.001107
 94 0.456925 0.259076 0.177287 0.066711 0.004321 0.008340 0.002872 0.001610 0.005027 0.000493 0.002721 0.001028 0.001648 0.000597 0.000226 0.000362 0.015777 0.000780 0.000780
 95 0.455198 0.258778 0.177751 0.068273 0.004439 0.008678 0.002881 0.001516 0.005054 0.000486 0.002629 0.000964 0.001533 0.000577 0.000212 0.000337 0.015420 0.000763 0.000763
 96 0.453472 0.258479 0.178214 0.069834 0.004457 0.008824 0.002822 0.001383 0.004968 0.000468 0.002721 0.000968 0.001527 0.000597 0.000212 0.000335 0.015540 0.000768 0.000768
 97 0.451666 0.258124 0.178854 0.071357 0.004491 0.009049 0.002774 0.001255 0.004902 0.000452 0.002770 0.000954 0.001493 0.000608 0.000209 0.000328 0.015540 0.000768 0.000768
 98 0.449860 0.257770 0.179494 0.072876 0.004525 0.009276 0.002724 0.001124 0.004838 0.000435 0.002820 0.000940 0.001457 0.000619 0.000206 0.000320 0.015540 0.000768 0.000768
 99 0.448186 0.257480 0.179942 0.074392 0.004545 0.009546 0.002666 0.000988 0.004762 0.000417 0.002871 0.000925 0.001420 0.000630 0.000203 0.000312 0.015540 0.000768 0.000768
100 0.446511 0.257191 0.180391 0.075907 0.004540 0.009760 0.002591 0.000846 0.004660 0.000396 0.002976 0.000926 0.001405 0.000653 0.000203 0.000308 0.015659 0.000774 0.000774

  1    0.000000    0.000000    0.000000    0.000000    0.000000    0.000000    1.000000
  2    0.000000    0.000000    0.000000    0.000000    0.000000    0.000000    1.000000
  3    0.000000    0.000000    0.000000    0.000000    0.000000    0.000000    1.000000
  4    0.000000    0.000000    0.000000    0.000000    0.000000    0.000000    1.000000
  5    0.000000    0.000000    0.000000    0.000000    0.000000    0.000000    1.000000
  6    0.000000    0.000000    0.000000    0.000000    0.000000    0.000000    1.000000
  7    0.000000    0.000000    0.000000    0.000000    0.000000    0.000000    1.000000
  8    0.000000    0.000000    0.000000    0.000000    0.000000    0.000000    1.000000
  9    0.000000    0.000000    0.000000    0.000000    0.000000    0.000000    1.000000
 10    0.000000    0.000000    0.000000    0.000000    0.000000    0.000000    1.000000
 11    0.000000    0.000000    0.000000    0.000000    0.000000    0.000000    1.000000
 12    0.000000    0.000000    0.000000    0.000000    1.000000    0.000000    0.000000
 13    0.330000    0.660000    0.000000    0.000000    0.010000    0.000000    0.000000
 14    0.320000    0.660000    0.000000    0.000000    0.020000    0.000000    0.000000
 15    0.320000    0.650000    0.000000    0.000001    0.029999    0.000000    0.000000
 16    0.320000    0.640000    0.000000    0.000001    0.039999    0.000000    0.000000
 17    0.320000    0.640000    0.000000    0.000002    0.039998    0.000000    0.000000
 18    0.320000    0.640000    0.000000    0.000003    0.039997    0.000000    0.000000
 19    0.320000    0.640000    0.000000    0.000005    0.038270    0.001726    0.000000
 20    0.320000    0.640000    0.000000    0.000006    0.036517    0.003438    0.000039
 21    0.316500    0.634500    0.000000    0.000011    0.044790    0.004152    0.000047
 22    0.313000    0.629000    0.000000    0.000016    0.053084    0.004843    0.000056
 23    0.315000    0.632500    0.000000    0.000015    0.048821    0.003639    0.000026
 24    0.317000    0.636000    0.000000    0.000014    0.044396    0.002591    0.000000
 25    0.309500    0.644000    0.000000    0.000016    0.043824    0.002651    0.000009
 26    0.302000    0.652000    0.000000    0.000018    0.043255    0.002710    0.000017
 27    0.313500    0.637000    0.000000    0.000021    0.046851    0.002613    0.000016
 28    0.325000    0.622000    0.000000    0.000025    0.050490    0.002472    0.000013
 29    0.323500    0.623000    0.000026    0.000000    0.051085    0.002377    0.000012
 30    0.322000    0.624000    0.000028    0.000000    0.051683    0.002279    0.000010
 31    0.294000    0.647500    0.000037    0.000001    0.055575    0.002857    0.000030
 32    0.266000    0.671000    0.000047    0.000002    0.059403    0.003496    0.000053
 33    0.284000    0.643500    0.000071    0.000004    0.068074    0.004267    0.000083
 34    0.302000    0.616000    0.000099    0.000007    0.076671    0.005102    0.000120
 35    0.266000    0.651000    0.000120    0.000011    0.076465    0.006234    0.000170
 36    0.230000    0.686000    0.000141    0.000015    0.076233    0.007391    0.000220
 37    0.239500    0.666000    0.000204    0.000025    0.085049    0.008506    0.000715
 38    0.249000    0.646000    0.000278    0.000037    0.093708    0.009663    0.001314
 39    0.242500    0.647000    0.000337    0.000048    0.097363    0.011357    0.001395
 40    0.236000    0.648000    0.000399    0.000062    0.100894    0.013167    0.001478
 41    0.201000    0.668500    0.000547    0.000088    0.111590    0.016828    0.001447
 42    0.166000    0.689000    0.000715    0.000118    0.121865    0.020932    0.001369
 43    0.111500    0.734000    0.000891    0.000151    0.129018    0.022934    0.001506
 44    0.057000    0.779000    0.001081    0.000188    0.136071    0.025011    0.001648
 45    0.055333    0.781333    0.001187    0.000212    0.133345    0.026738    0.001852
 46    0.053667    0.783667    0.001290    0.000236    0.130640    0.028447    0.002053
 47    0.052000    0.786000    0.001392    0.000260    0.127958    0.030137    0.002253
 48    0.052000    0.785333    0.001517    0.000294    0.126806    0.031140    0.002909
 49    0.052000    0.784667    0.001640    0.000331    0.125644    0.032148    0.003570
 50    0.052000    0.784000    0.001763    0.000369    0.124471    0.033162    0.004235
 51    0.083750    0.656500    0.005194    0.001131    0.193400    0.052651    0.007374
 52    0.115500    0.529000    0.010467    0.002224    0.259617    0.072210    0.010981
 53    0.147250    0.401500    0.017586    0.003646    0.323160    0.091821    0.015037
 54    0.179000    0.274000    0.026573    0.005372    0.384067    0.111466    0.019522
 55    0.183667    0.278833    0.027435    0.005406    0.376329    0.108770    0.019560
 56    0.188333    0.283667    0.028261    0.005425    0.368627    0.106104    0.019582
 57    0.193000    0.288500    0.028424    0.006056    0.360964    0.103467    0.019589
 58    0.197667    0.293333    0.028522    0.006701    0.353338    0.100859    0.019580
 59    0.202333    0.298167    0.028558    0.007356    0.345750    0.098280    0.019555
 60    0.207000    0.303000    0.028533    0.008021    0.338200    0.095730    0.019516
 61    0.206286    0.303857    0.031209    0.007952    0.333643    0.097712    0.019342
 62    0.205571    0.304714    0.033968    0.007798    0.329118    0.099663    0.019169
 63    0.204857    0.305571    0.036812    0.007558    0.324624    0.101583    0.018995
 64    0.204143    0.306429    0.039739    0.007232    0.320161    0.103472    0.018823
 65    0.203429    0.307286    0.042750    0.006821    0.315731    0.105330    0.018653
 66    0.202714    0.308143    0.044046    0.008124    0.311332    0.107158    0.018482
 67    0.202000    0.309000    0.045247    0.009521    0.306965    0.108955    0.018312
 68    0.201000    0.312286    0.044217    0.010504    0.304442    0.108958    0.018593
 69    0.200000    0.315571    0.043187    0.011484    0.301931    0.108956    0.018871
 70    0.199000    0.318857    0.042157    0.012463    0.299430    0.108949    0.019144
 71    0.198000    0.322143    0.041974    0.012593    0.296940    0.108936    0.019414
 72    0.197000    0.325429    0.041789    0.012722    0.294462    0.108918    0.019679
 73    0.196000    0.328714    0.041604    0.012850    0.291995    0.108895    0.019942
 74    0.195000    0.332000    0.041395    0.013000    0.289539    0.108867    0.020200
 75    0.172600    0.394400    0.037218    0.011711    0.266388    0.098392    0.019291
 76    0.150200    0.456800    0.033166    0.010457    0.242993    0.088145    0.018238
 77    0.127800    0.519200    0.029240    0.009237    0.219355    0.078129    0.017039
 78    0.105400    0.581600    0.025439    0.008052    0.195470    0.068345    0.015694
 79    0.083000    0.644000    0.021714    0.006951    0.171340    0.058794    0.014201
 80    0.079500    0.647000    0.022122    0.007621    0.168176    0.060696    0.014885
 81    0.076000    0.650000    0.022816    0.008009    0.165022    0.062588    0.015565
 82    0.072500    0.653000    0.023515    0.008396    0.161879    0.064468    0.016242
 83    0.069000    0.656000    0.024195    0.008805    0.158747    0.066338    0.016915
 84    0.069000    0.644429    0.027385    0.010156    0.162329    0.068744    0.017957
 85    0.069000    0.632857    0.030727    0.011610    0.165689    0.071107    0.019011
 86    0.069000    0.621286    0.034216    0.013170    0.168828    0.073424    0.020075
 87    0.069000    0.609714    0.037851    0.014840    0.171752    0.075695    0.021148
 88    0.069000    0.598143    0.041629    0.016621    0.174461    0.077918    0.022229
 89    0.069000    0.586571    0.045546    0.018518    0.176960    0.080091    0.023314
 90    0.069000    0.575000    0.049600    0.020532    0.179252    0.082213    0.024404
 91    0.069000    0.563429    0.053779    0.022676    0.181340    0.084282    0.025495
 92    0.069000    0.551857    0.058088    0.024945    0.183226    0.086297    0.026587
 93    0.069000    0.540286    0.062523    0.027342    0.184915    0.088257    0.027677
 94    0.069000    0.528714    0.067082    0.029869    0.186410    0.090160    0.028765
 95    0.069000    0.517143    0.071761    0.032531    0.187713    0.092005    0.029848
 96    0.069000    0.505571    0.076559    0.035329    0.188828    0.093790    0.030924
 97    0.069000    0.494000    0.081472    0.038266    0.189757    0.095513    0.031992
 98    0.069000    0.482429    0.086496    0.041347    0.190505    0.097173    0.033050
 99    0.069000    0.470857    0.091630    0.044572    0.191074    0.098770    0.034097
100    0.069000    0.459286    0.096870    0.047946    0.191467    0.100300    0.035131

  1    0.000000    0.000000    0.000000    0.000000    0.000000    1.000000
  2    0.000000    0.000000    0.000000    0.000000    0.000000    1.000000
  3    0.000000    0.000000    0.000000    0.000000    0.000000    1.000000
  4    0.000000    0.000000    0.000000    0.000000    0.000000    1.000000
  5    0.000000    0.000000    0.000000    0.000000    0.000000    1.000000
  6    0.000000    0.000000    0.000000    0.000000    0.000000    1.000000
  7    0.000000    0.000000    0.000000    0.000000    0.000000    1.000000
  8    0.000000    0.000000    0.000000    0.000000    0.000000    1.000000
  9    0.000000    0.000000    0.000000    0.000000    0.000000    1.000000
 10    0.000000    0.000000    0.000000    0.000000    0.000000    1.000000
 11    0.000000    0.000000    0.000000    0.000000    0.000000    1.000000
 12    0.000000    0.000000    0.000000    1.000000    0.000000    0.000000
 13    0.000000    0.000000    0.000000    1.000000    0.000000    0.000000
 14    0.000000    0.000000    0.000000    1.000000    0.000000    0.000000
 15    0.000000    0.000000    0.000000    1.000000    0.000000    0.000000
 16    0.000000    0.000000    0.000000    1.000000    0.000000    0.000000
 17    0.000000    0.000000    0.000000    1.000000    0.000000    0.000000
 18    0.000000    0.000000    0.000000    1.000000    0.000000    0.000000
 19    0.000000    0.000000    0.000000    0.990743    0.009257    0.000000
 20    0.000000    0.000000    0.000000    0.979852    0.020048    0.000100
 21    0.000000    0.000000    0.000000    0.979898    0.020011    0.000091
 22    0.000000    0.000000    0.000000    0.979943    0.019973    0.000084
 23    0.000000    0.000000    0.000000    0.987428    0.012531    0.000041
 24    0.000000    0.000000    0.000000    0.994912    0.005088    0.000000
 25    0.000000    0.000000    0.000000    0.993033    0.006949    0.000018
 26    0.000000    0.000000    0.000000    0.991154    0.008810    0.000036
 27    0.000000    0.000000    0.000000    0.992339    0.007632    0.000029
 28    0.000000    0.000000    0.000000    0.993524    0.006453    0.000023
 29    0.000000    0.000000    0.000000    0.994470    0.005511    0.000019
 30    0.000000    0.000000    0.000000    0.995416    0.004570    0.000014
 31    0.000000    0.000000    0.000000    0.988034    0.011952    0.000013
 32    0.000000    0.000000    0.000000    0.980651    0.019335    0.000014
 33    0.000000    0.000000    0.000000    0.968491    0.031154    0.000355
 34    0.000000    0.000000    0.000000    0.956332    0.042973    0.000695
 35    0.044850    0.010467    0.000040    0.891127    0.052256    0.001260
 36    0.089700    0.019937    0.000089    0.828278    0.060238    0.001757
 37    0.102350    0.019832    0.000095    0.810400    0.064924    0.002398
 38    0.115000    0.019650    0.000174    0.792704    0.069452    0.003020
 39    0.116500    0.022591    0.000292    0.773714    0.083243    0.003660
 40    0.118000    0.025497    0.000433    0.754890    0.096885    0.004294
 41    0.121000    0.027552    0.000752    0.746978    0.099435    0.004283
 42    0.124000    0.029543    0.001117    0.739119    0.101947    0.004274
 43    0.130000    0.031846    0.001562    0.725419    0.106131    0.005042
 44    0.136000    0.034054    0.002062    0.711881    0.110211    0.005794
 45    0.141333    0.036916    0.002669    0.688479    0.123704    0.006900
 46    0.146667    0.039664    0.003344    0.665455    0.136888    0.007982
 47    0.152000    0.042300    0.004086    0.642807    0.149769    0.009038
 48    0.155333    0.044583    0.004689    0.629543    0.154874    0.010978
 49    0.158667    0.046803    0.005331    0.616426    0.159886    0.012886
 50    0.162000    0.048961    0.006012    0.603459    0.164806    0.014762
 51    0.164750    0.053169    0.006969    0.592389    0.165666    0.017057
 52    0.167500    0.057373    0.007895    0.581447    0.166482    0.019304
 53    0.170250    0.061495    0.008868    0.570632    0.167254    0.021501
 54    0.173000    0.065534    0.009889    0.559946    0.167984    0.023648
 55    0.167667    0.070580    0.011128    0.557770    0.168643    0.024213
 56    0.162333    0.075626    0.012441    0.555544    0.169284    0.024773
 57    0.157000    0.081035    0.013465    0.553266    0.169906    0.025328
 58    0.151667    0.086493    0.014516    0.550938    0.170507    0.025879
 59    0.146333    0.091997    0.015593    0.548560    0.171090    0.026427
 60    0.141000    0.097550    0.016697    0.546133    0.171651    0.026969
 61    0.140571    0.107946    0.014953    0.538234    0.171514    0.026782
 62    0.140143    0.118773    0.012785    0.530370    0.171335    0.026594
 63    0.139714    0.130032    0.010195    0.522542    0.171116    0.026402
 64    0.139286    0.141724    0.007180    0.514749    0.170854    0.026207
 65    0.138857    0.153849    0.003741    0.506993    0.170551    0.026010
 66    0.138429    0.157941    0.008342    0.499271    0.170206    0.025810
 67    0.138000    0.161582    0.013404    0.491586    0.169821    0.025607
 68    0.135857    0.166648    0.019143    0.483721    0.168404    0.026227
 69    0.133714    0.171187    0.025459    0.475862    0.166957    0.026820
 70    0.131571    0.175197    0.032358    0.468009    0.165478    0.027387
 71    0.129429    0.184156    0.034358    0.460162    0.163968    0.027928
 72    0.127286    0.193129    0.036395    0.452323    0.162425    0.028442
 73    0.125143    0.202117    0.038469    0.444492    0.160851    0.028928
 74    0.123000    0.244058    0.007641    0.436669    0.159244    0.029388
 75    0.124800    0.245840    0.017595    0.428400    0.153798    0.029567
 76    0.126600    0.246722    0.028399    0.420113    0.148453    0.029713
 77    0.128400    0.246708    0.040048    0.411810    0.143208    0.029825
 78    0.130200    0.245806    0.052536    0.403491    0.138063    0.029904
 79    0.132000    0.254160    0.055716    0.395155    0.133018    0.029951
 80    0.124250    0.310733    0.015046    0.382793    0.135144    0.032034
 81    0.116500    0.278342    0.063573    0.370467    0.137092    0.034027
 82    0.108750    0.290700    0.067583    0.358186    0.138854    0.035928
 83    0.101000    0.303135    0.071748    0.345958    0.140426    0.037734
 84    0.101143    0.313642    0.075563    0.333778    0.137841    0.038032
 85    0.101286    0.324067    0.079456    0.321751    0.135185    0.038255
 86    0.101429    0.334408    0.083427    0.309876    0.132457    0.038402
 87    0.101571    0.344668    0.087476    0.298154    0.129657    0.038474
 88    0.101714    0.354845    0.091603    0.286584    0.126785    0.038469
 89    0.101857    0.364939    0.095808    0.275165    0.123841    0.038390
 90    0.102000    0.374951    0.100091    0.263899    0.120825    0.038235
 91    0.102143    0.385256    0.104077    0.252784    0.117737    0.038004
 92    0.102286    0.395499    0.108118    0.241822    0.114577    0.037698
 93    0.102429    0.405683    0.112215    0.231011    0.111346    0.037316
 94    0.102571    0.415807    0.116369    0.220352    0.108043    0.036859
 95    0.102714    0.425869    0.120578    0.209844    0.104668    0.036327
 96    0.102857    0.435872    0.124842    0.199488    0.101221    0.035719
 97    0.103000    0.445814    0.129163    0.189284    0.097703    0.035036
 98    0.103143    0.455695    0.133540    0.179230    0.094114    0.034278
 99    0.103286    0.465517    0.137972    0.169329    0.090452    0.033445
100    0.103429    0.475277    0.142460    0.159578    0.086719    0.032536

  1    0.000000    0.000000    0.000000    0.000000    1.000000
  2    0.000000    0.000000    0.000000    0.000000    1.000000
  3    0.000000    0.000000    0.000000    0.000000    1.000000
  4    0.000000    0.000000    0.000000    0.000000    1.000000
  5    0.000000    0.000000    0.000000    0.000000    1.000000
  6    0.000000    0.000000    0.000000    0.000000    1.000000
  7    0.000000    0.000000    0.000000    0.000000    1.000000
  8    0.000000    0.000000    0.000000    0.000000    1.000000
  9    0.000000    0.000000    0.000000    0.000000    1.000000
 10    0.000000    0.000000    0.000000    0.000000    1.000000
 11    0.000000    0.000000    0.000000    0.000000    1.000000
 12    0.000000    0.000000    1.000000    0.000000    0.000000
 13    0.000000    0.002400    0.997600    0.000000    0.000000
 14    0.000000    0.001080    0.998920    0.000000    0.000000
 15    0.000000    0.000410    0.999590    0.000000    0.000000
 16    0.000000    0.000290    0.999710    0.000000    0.000000
 17    0.000000    0.000230    0.999770    0.000000    0.000000
 18    0.000000    0.000190    0.999810    0.000000    0.000000
 19    0.000000    0.000210    0.990535    0.009255    0.000000
 20    0.000000    0.000210    0.979646    0.020044    0.000100
 21    0.000000    0.000695    0.979217    0.019997    0.000091
 22    0.000000    0.001180    0.978787    0.019950    0.000084
 23    0.000000    0.002235    0.985221    0.012503    0.000041
 24    0.000000    0.003290    0.991639    0.005071    0.000000
 25    0.000000    0.004440    0.988624    0.006918    0.000018
 26    0.000000    0.005590    0.985613    0.008761    0.000036
 27    0.000000    0.006805    0.985586    0.007580    0.000029
 28    0.008020    0.000000    0.985556    0.006402    0.000023
 29    0.009410    0.000000    0.985112    0.005460    0.000018
 30    0.010792    0.000008    0.984666    0.004520    0.000014
 31    0.012582    0.000018    0.975585    0.011802    0.000013
 32    0.014369    0.000031    0.966530    0.019057    0.000014
 33    0.016054    0.000046    0.952898    0.030652    0.000349
 34    0.017737    0.000063    0.939309    0.042208    0.000683
 35    0.020612    0.000088    0.923821    0.054173    0.001307
 36    0.023483    0.000117    0.908407    0.066066    0.001927
 37    0.023824    0.000126    0.901186    0.072198    0.002666
 38    0.024075    0.000225    0.893970    0.078325    0.003406
 39    0.026543    0.000357    0.874838    0.094123    0.004139
 40    0.028991    0.000509    0.855797    0.109835    0.004868
 41    0.032488    0.000912    0.848750    0.112983    0.004867
 42    0.035907    0.001393    0.841732    0.116101    0.004867
 43    0.039209    0.001941    0.831430    0.121641    0.005779
 44    0.042436    0.002564    0.821184    0.127132    0.006683
 45    0.046722    0.003344    0.798465    0.143466    0.008002
 46    0.050910    0.004224    0.775943    0.159616    0.009307
 47    0.054997    0.005203    0.753617    0.175587    0.010596
 48    0.058634    0.006066    0.740276    0.182115    0.012909
 49    0.062205    0.006995    0.727028    0.188574    0.015198
 50    0.065710    0.007990    0.713875    0.194961    0.017464
 51    0.070428    0.009097    0.703484    0.196735    0.020256
 52    0.075162    0.010188    0.693168    0.198470    0.023013
 53    0.079838    0.011337    0.682926    0.200168    0.025732
 54    0.084456    0.012544    0.672759    0.201828    0.028413
 55    0.089456    0.013877    0.666289    0.201454    0.028924
 56    0.094394    0.015273    0.659844    0.201066    0.029424
 57    0.099711    0.016289    0.653424    0.200664    0.029913
 58    0.105014    0.017319    0.647028    0.200246    0.030393
 59    0.110303    0.018364    0.640656    0.199813    0.030863
 60    0.115576    0.019424    0.634311    0.199366    0.031323
 61    0.123551    0.020877    0.625225    0.199235    0.031111
 62    0.131513    0.022344    0.616188    0.199059    0.030897
 63    0.139463    0.023823    0.607198    0.198838    0.030679
 64    0.147399    0.025315    0.598256    0.198571    0.030459
 65    0.155324    0.026819    0.589362    0.198260    0.030235
 66    0.163312    0.028259    0.580515    0.197903    0.030010
 67    0.171296    0.029704    0.571716    0.197502    0.029781
 68    0.179397    0.031174    0.562928    0.195980    0.030522
 69    0.187493    0.032650    0.554185    0.194437    0.031235
 70    0.195583    0.034131    0.545490    0.192874    0.031921
 71    0.202613    0.036673    0.536842    0.191291    0.032581
 72    0.209553    0.039304    0.528241    0.189686    0.033216
 73    0.216404    0.042025    0.519687    0.188062    0.033822
 74    0.254078    0.013922    0.511180    0.186417    0.034403
 75    0.256391    0.023409    0.504334    0.181058    0.034808
 76    0.257955    0.033645    0.497441    0.175777    0.035182
 77    0.258771    0.044629    0.490502    0.170574    0.035524
 78    0.258838    0.056362    0.483518    0.165446    0.035836
 79    0.267035    0.059965    0.476488    0.160397    0.036115
 80    0.282110    0.060390    0.457636    0.161567    0.038297
 81    0.333123    0.024877    0.439155    0.162509    0.040336
 82    0.300418    0.073082    0.421046    0.163221    0.042233
 83    0.308178    0.080822    0.403307    0.163704    0.043989
 84    0.311495    0.087791    0.393416    0.162470    0.044828
 85    0.314562    0.095009    0.383632    0.161185    0.045612
 86    0.317382    0.102475    0.373953    0.159847    0.046343
 87    0.319952    0.110191    0.364381    0.158457    0.047019
 88    0.322273    0.118156    0.354915    0.157015    0.047642
 89    0.324345    0.126369    0.345555    0.155520    0.048210
 90    0.326168    0.134832    0.336302    0.153974    0.048725
 91    0.348994    0.122292    0.327154    0.152375    0.049185
 92    0.372499    0.109072    0.318113    0.150725    0.049591
 93    0.396682    0.095175    0.309178    0.149022    0.049943
 94    0.421544    0.080599    0.300349    0.147267    0.050241
 95    0.447085    0.065344    0.291626    0.145460    0.050485
 96    0.473304    0.049410    0.283011    0.143601    0.050674
 97    0.490910    0.042090    0.274500    0.141690    0.050810
 98    0.499819    0.043467    0.266096    0.139727    0.050891
 99    0.508745    0.044826    0.257799    0.137711    0.050919
100    0.517687    0.046170    0.249607    0.135644    0.050892

  1    0.000000
  2    0.000000
  3    0.000000
  4    0.000000
  5    0.000000
  6    0.000000
  7    0.000000
  8    0.000000
  9    0.000000
 10    0.000000
 11    0.000000
 12    0.000000
 13    0.000000
 14    0.000000
 15    0.000000
 16    0.000000
 17    0.000000
 18    0.000000
 19    0.000000
 20    0.000000
 21    0.000000
 22    0.000000
 23    0.000000
 24    0.000000
 25    0.000000
 26    0.000000
 27    0.000000
 28    0.000000
 29    0.000000
 30    0.000000
 31    0.000000
 32    0.000000
 33    0.000000
 34    0.000000
 35    0.000000
 36    0.000000
 37    0.000000
 38    0.000000
 39    0.000000
 40    0.000000
 41    0.000000
 42    0.000000
 43    0.000000
 44    0.000000
 45    0.000000
 46    0.000000
 47    0.000000
 48    0.000000
 49    0.000000
 50    0.000000
 51    0.000000
 52    0.003530
 53    0.003906
 54    0.004312
 55    0.004748
 56    0.005217
 57    0.005719
 58    0.006257
 59    0.006832
 60    0.007446
 61    0.008100
 62    0.008796
 63    0.009537
 64    0.010323
 65    0.011157
 66    0.012040
 67    0.012975
 68    0.013963
 69    0.015006
 70    0.016107
 71    0.017268
 72    0.018490
 73    0.019775
 74    0.021127
 75    0.022547
 76    0.024037
 77    0.025600
 78    0.027238
 79    0.028953
 80    0.030748
 81    0.032625
 82    0.034587
 83    0.036636
 84    0.038775
 85    0.041006
 86    0.043332
 87    0.045756
 88    0.048280
 89    0.050907
 90    0.053639
 91    0.056481
 92    0.059433
 93    0.062500
 94    0.065684
 95    0.068988
 96    0.072416
 97    0.075969
 98    0.079652
 99    0.083467
100    0.087417
