    1    2
   0.7761403E-09   0.7249363E-09   0.4959648E-09  -0.1719401E-11   0.32000E-01
   -21.13756       -3.331249       0.3376516E-01   0.3185317E-02   0.10000E-02
    2    2
   0.3249221E-07   0.3228482E-07   0.2455811E-07  -0.6162649E-09   0.34000E-01
   -16.78622       -2.989787       0.1052872       0.8775900E-02   0.10000E-02
    3    2
   0.2699063E-06   0.2786923E-06   0.2228229E-06  -0.8372816E-08   0.36000E-01
   -14.76453       -3.064982       0.9298262E-01   0.8939578E-02   0.10000E-02
    4    2
   0.1189759E-05   0.1259027E-05   0.9706360E-06  -0.4098279E-07   0.38000E-01
   -13.34908       -3.088671       0.9025562E-01   0.9662013E-02   0.10000E-02
    5    2
   0.3659392E-05   0.3954687E-05   0.3000435E-05  -0.1462491E-06   0.40000E-01
   -12.37767       -3.184876       0.6933489E-01   0.8893182E-02   0.10000E-02
    6    2
   0.9055226E-05   0.1002728E-04   0.7430634E-05  -0.3939655E-06   0.42000E-01
   -11.51163       -3.214184       0.6111983E-01   0.8839178E-02   0.10000E-02
    7    2
   0.1932393E-04   0.2192085E-04   0.1590453E-04  -0.9098312E-06   0.44000E-01
   -10.68522       -3.173668       0.6740097E-01   0.9710950E-02   0.10000E-02
    8    2
   0.3705005E-04   0.4301519E-04   0.3065253E-04  -0.1884258E-05   0.46000E-01
   -9.934482       -3.110436       0.7904427E-01   0.1095265E-01   0.10000E-02
    9    2
   0.6550714E-04   0.7774913E-04   0.5455885E-04  -0.3585074E-05   0.48000E-01
   -9.167084       -2.980927       0.1052750       0.1320679E-01   0.10000E-02
   10    2
   0.1086576E-03   0.1315659E-03   0.9138798E-04  -0.6448199E-05   0.50000E-01
   -8.660468       -2.974500       0.1065940       0.1379362E-01   0.10000E-02
   11    3
   0.1719552E-03   0.2127234E-03   0.1457449E-03  -0.1085858E-04   0.52000E-01
   -7.059047       -2.174833       0.2861336       0.2734081E-01   0.10721E-02
   -8.398949       -2.681272        0.000000        0.000000       0.10000E-02
   12    3
   0.2611431E-03   0.3296966E-03   0.2232409E-03  -0.1750551E-04   0.54000E-01
   -7.481694       -2.763573       0.1523111       0.1800390E-01   0.13050E-02
   -7.986411       -2.679432        0.000000        0.000000       0.10000E-02
   13    3
   0.3826375E-03   0.4926524E-03   0.3300203E-03  -0.2717005E-04   0.56000E-01
   -6.768601       -2.522847       0.2082009       0.2270486E-01   0.15596E-02
   -11.84588       -3.944679      -0.9482881E-01    0.000000       0.10000E-02
   14    3
   0.5439082E-03   0.7137547E-03   0.4730538E-03  -0.4070203E-04   0.58000E-01
   -6.504261       -2.583628       0.1936596       0.2204911E-01   0.18389E-02
   -10.91254       -3.776827      -0.8335108E-01    0.000000       0.10000E-02
   15    3
   0.7535664E-03   0.1006703E-02   0.6608374E-03  -0.5938284E-04   0.60000E-01
   -6.177883       -2.561110       0.2032528       0.2356533E-01   0.21455E-02
   -9.430881       -3.284179      -0.1405655E-01   0.3305397E-02   0.10000E-02
   16    3
   0.1020380E-02   0.1388830E-02   0.9021277E-03  -0.8428761E-04   0.62000E-01
   -5.908697       -2.586872       0.1960489       0.2337651E-01   0.24720E-02
   -5.852449       -1.780418       0.2152612       0.1501363E-01   0.10000E-02
   17    3
   0.1355009E-02   0.1875206E-02   0.1207401E-02  -0.1170090E-03   0.64000E-01
   -5.752096       -2.683611       0.1714488       0.2180714E-01   0.28224E-02
   -5.090997       -1.510995       0.2639185       0.1795188E-01   0.10000E-02
   18    3
   0.1767655E-02   0.2490564E-02   0.1585761E-02  -0.1586492E-03   0.66000E-01
   -5.283213       -2.525511       0.2106854       0.2541749E-01   0.32029E-02
   -4.693462       -1.412280       0.2848261       0.1939720E-01   0.10000E-02
   19    3
   0.2272361E-02   0.3255499E-02   0.2053883E-02  -0.2120949E-03   0.68000E-01
   -5.668308       -3.028258       0.8071780E-01   0.1492533E-01   0.36074E-02
   -4.751860       -1.524820       0.2729131       0.1918326E-01   0.10000E-02
   20    3
   0.2882177E-02   0.4196236E-02   0.2622670E-02  -0.2789735E-03   0.70000E-01
   -5.134541       -2.795033       0.1397477       0.2022039E-01   0.40381E-02
   -4.382934       -1.443143       0.2895413       0.2037129E-01   0.10000E-02
   21    3
   0.3608435E-02   0.5335030E-02   0.3304410E-02  -0.3613665E-03   0.72000E-01
   -4.931380       -2.814262       0.1333762       0.1999163E-01   0.44928E-02
   -4.387621       -1.531871       0.2788999       0.2010435E-01   0.10000E-02
   22    3
   0.4465993E-02   0.6711502E-02   0.4110424E-02  -0.4600551E-03   0.74000E-01
   -4.623128       -2.737402       0.1527614       0.2199431E-01   0.49664E-02
   -4.271738       -1.558345       0.2779630       0.2033833E-01   0.10000E-02
   23    3
   0.5471809E-02   0.8344804E-02   0.5067564E-02  -0.5817137E-03   0.76000E-01
   -4.486882       -2.792080       0.1375085       0.2104288E-01   0.54651E-02
   -3.835284       -1.414743       0.3062468       0.2225144E-01   0.10000E-02
   24    3
   0.6636973E-02   0.1027481E-01   0.6176125E-02  -0.7246594E-03   0.78000E-01
   -3.798553       -2.382009       0.2479297       0.3118974E-01   0.59892E-02
   -3.310591       -1.215078       0.3445252       0.2474013E-01   0.10000E-02
   25    3
   0.7990526E-02   0.1254407E-01   0.7481646E-02  -0.8988969E-03   0.80000E-01
   -4.141587       -2.812794       0.1320238       0.2136801E-01   0.65390E-02
   -2.593117      -0.9177219       0.3998533       0.2825748E-01   0.10000E-02
   26    3
   0.9539723E-02   0.1519198E-01   0.8977007E-02  -0.1100619E-02   0.82000E-01
   -3.927647       -2.783598       0.1387406       0.2225813E-01   0.71120E-02
   -1.639383      -0.4794803       0.4812907       0.3335421E-01   0.10000E-02
   27    3
   0.1130790E-01   0.1825084E-01   0.1069779E-01  -0.1339825E-02   0.84000E-01
   -3.716174       -2.746347       0.1490417       0.2360628E-01   0.77089E-02
   -1.899098      -0.6782668       0.4513505       0.3200628E-01   0.10000E-02
   28    4
   0.1331175E-01   0.2178015E-01   0.1265293E-01  -0.1615602E-02   0.86000E-01
   -3.560824       -2.755791       0.1448989       0.2350080E-01   0.83328E-02
   -2.578278       -1.112484       0.3770329       0.2789297E-01   0.10081E-02
   -3.706151       -2.530611        0.000000        0.000000       0.10000E-02
   29    4
   0.1557112E-01   0.2579906E-01   0.1487070E-01  -0.1934559E-02   0.88000E-01
   -3.227677       -2.594374       0.1926055       0.2854318E-01   0.89789E-02
   -2.203281      -0.9656997       0.4080117       0.3010409E-01   0.10961E-02
   -4.797615       -2.710284        0.000000        0.000000       0.10000E-02
   30    6
   0.1812319E-01   0.3041305E-01   0.1738947E-01  -0.2304024E-02   0.90000E-01
   -3.209286       -2.717489       0.1549018       0.2518838E-01   0.96586E-02
   -3.181110       -1.569966       0.3015621       0.2402806E-01   0.11936E-02
    8.056124      -0.8225260        0.000000        0.000000       0.10428E-02
    200.8220        27.28822        0.000000        0.000000       0.10197E-02
   -4.129142       -2.339610        0.000000        0.000000       0.10000E-02
   31    6
   0.2097573E-01   0.3565206E-01   0.2020548E-01  -0.2721463E-02   0.92000E-01
   -3.031508       -2.690468       0.1616413       0.2611380E-01   0.10367E-01
   -2.397000       -1.203791       0.3712638       0.2851888E-01   0.12977E-02
    5.999854       -1.129593        0.000000        0.000000       0.11423E-02
    124.7248        16.43392        0.000000        0.000000       0.11154E-02
   -4.154689       -2.365464        0.000000        0.000000       0.10000E-02
   32    6
   0.2416192E-01   0.4155753E-01   0.2338644E-01  -0.3206309E-02   0.94000E-01
   -2.912024       -2.714332       0.1525937       0.2544985E-01   0.11103E-01
   -2.429853       -1.288846       0.3581549       0.2798969E-01   0.14143E-02
    3.928268       -1.445678        0.000000        0.000000       0.12478E-02
    48.04574        5.196099        0.000000        0.000000       0.12167E-02
   -4.041689       -2.370755        0.000000        0.000000       0.10000E-02
   33    6
   0.2770040E-01   0.4821687E-01   0.2691499E-01  -0.3748114E-02   0.96000E-01
   -2.761223       -2.704385       0.1539112       0.2581246E-01   0.11867E-01
   -2.639531       -1.469816       0.3275400       0.2641320E-01   0.15265E-02
   -371.6672       -116.0355       -8.738107        0.000000       0.13586E-02
    8.439922      -0.7244462        0.000000        0.000000       0.13231E-02
   -3.955167       -2.379331        0.000000        0.000000       0.10000E-02
   34    6
   0.3161710E-01   0.5567494E-01   0.3082469E-01  -0.4356680E-02   0.98000E-01
   -2.558484       -2.639001       0.1731041       0.2805585E-01   0.12658E-01
   -2.527267       -1.470806       0.3296992       0.2680304E-01   0.16539E-02
    311.4289        94.49302        7.484652        0.000000       0.14762E-02
   -12.03987       -3.863773        0.000000        0.000000       0.14358E-02
   -3.840288       -2.383134        0.000000        0.000000       0.10000E-02
   35    6
   0.3593588E-01   0.6405605E-01   0.3510793E-01  -0.5015264E-02   0.10000E+00
   -2.547886       -2.748346       0.1391242       0.2503281E-01   0.13474E-01
   -2.537234       -1.542992       0.3177346       0.2626792E-01   0.17820E-02
   -1.259264       -2.279981        0.000000        0.000000       0.15960E-02
   -27.06497       -6.232385        0.000000        0.000000       0.15499E-02
   -8.388190       -3.781974      -0.1043343        0.000000       0.10000E-02
   36    6
   0.4069699E-01   0.7334155E-01   0.3991273E-01  -0.5793735E-02   0.10200    
   -2.315091       -2.640187       0.1735739       0.2900405E-01   0.14326E-01
   -2.649136       -1.674892       0.2937948       0.2494176E-01   0.19210E-02
   -2.825875       -2.544516        0.000000        0.000000       0.17272E-02
   -31.11857       -6.934548        0.000000        0.000000       0.16749E-02
   -9.210912       -4.075448      -0.1268174        0.000000       0.10000E-02
   37    6
   0.4592138E-01   0.8365444E-01   0.4521048E-01  -0.6663971E-02   0.10400    
   -2.111561       -2.559878       0.1983154       0.3189961E-01   0.15200E-01
   -3.158981       -2.051324       0.2198996       0.2024618E-01   0.20651E-02
   -125.5356       -42.27006       -3.212421        0.000000       0.18639E-02
   -2.384386       -2.433821        0.000000        0.000000       0.18044E-02
   -8.930849       -4.037905      -0.1246073        0.000000       0.10000E-02
   38    6
   0.5164671E-01   0.9503943E-01   0.5110180E-01  -0.7667896E-02   0.10600    
   -1.992821       -2.559252       0.1977770       0.3219378E-01   0.16105E-01
   -2.782160       -1.885038       0.2557167       0.2290409E-01   0.22163E-02
   -1.255709       -2.321110        0.000000        0.000000       0.20068E-02
    1401.762        449.1546        36.31140        0.000000       0.19396E-02
   -9.030237       -4.113942      -0.1309973        0.000000       0.10000E-02
   39    6
   0.5788162E-01   0.1076469       0.5741749E-01  -0.8726986E-02   0.10800    
   -1.909252       -2.590960       0.1865145       0.3134163E-01   0.17038E-01
   -2.754074       -1.931610       0.2480174       0.2261756E-01   0.23725E-02
   -1.519767       -2.378472        0.000000        0.000000       0.21555E-02
   -6.992190       -3.215645        0.000000        0.000000       0.20800E-02
    14.77697        6.791417        1.541688       0.8548042E-01   0.10000E-02
   40    6
   0.6467472E-01   0.1214608       0.6445673E-01  -0.9957350E-02   0.11000    
   -1.885990       -2.677153       0.1583069       0.2876623E-01   0.17998E-01
   -2.555867       -1.875811       0.2601943       0.2359708E-01   0.25316E-02
   -1.682528       -2.419610        0.000000        0.000000       0.23067E-02
   -6.988847       -3.238811        0.000000        0.000000       0.22223E-02
   -3.863664       -1.836983       0.2207524       0.1818884E-01   0.10000E-02
   41    6
   0.7203228E-01   0.1366933       0.7201249E-01  -0.1127889E-01   0.11200    
   -1.677245       -2.575186       0.1913350       0.3267953E-01   0.18986E-01
   -2.678623       -2.017332       0.2317127       0.2179993E-01   0.26977E-02
   -1.732584       -2.442335        0.000000        0.000000       0.24647E-02
   -5.864180       -3.075090        0.000000        0.000000       0.23705E-02
   -1.720679      -0.8849132       0.3697727       0.2598661E-01   0.10000E-02
   42    6
   0.8002515E-01   0.1533146       0.8027353E-01  -0.1274547E-01   0.11400    
   -1.156857       -2.133967       0.3451779       0.5078067E-01   0.19999E-01
   -2.683586       -2.083850       0.2189843       0.2111559E-01   0.28655E-02
   -1.778864       -2.464271        0.000000        0.000000       0.26251E-02
   -5.401346       -3.018250        0.000000        0.000000       0.25202E-02
   -2.115060       -1.108375       0.3375146       0.2448727E-01   0.10000E-02
   43    6
   0.8867126E-01   0.1715372       0.8915739E-01  -0.1433085E-01   0.11600    
   -1.314668       -2.412339       0.2460352       0.3952981E-01   0.21044E-01
   -2.624962       -2.105370       0.2164425       0.2119976E-01   0.30425E-02
    25.61044        6.903346       0.8033492        0.000000       0.27932E-02
   -4.551302       -2.893972        0.000000        0.000000       0.26769E-02
  -0.7338498      -0.5034195       0.4336785       0.2961495E-01   0.10000E-02
   44    6
   0.9799520E-01   0.1912323       0.9900838E-01  -0.1616528E-01   0.11800    
   -1.085756       -2.286321       0.2857552       0.4406912E-01   0.22117E-01
   -2.326395       -1.974944       0.2450559       0.2337098E-01   0.32240E-02
   -794.8706       -277.2241       -23.79121        0.000000       0.29669E-02
   -3.857407       -2.793254        0.000000        0.000000       0.28379E-02
   0.8388527       0.2010965       0.5467679       0.3569853E-01   0.10000E-02
   45    6
   0.1080369       0.2129401       0.1093676      -0.1806049E-01   0.12000    
  -0.9394152       -2.236006       0.3022866       0.4630039E-01   0.23220E-01
   -2.309914       -2.026157       0.2348435       0.2280899E-01   0.34119E-02
   -1.568612       -2.469399        0.000000        0.000000       0.31461E-02
   -3.077499       -2.675102        0.000000        0.000000       0.30038E-02
   0.9540792       0.2287855       0.5550837       0.3638609E-01   0.10000E-02
   46    6
   0.1188630       0.2363141       0.1207055      -0.2019582E-01   0.12200    
  -0.9139659       -2.307208       0.2778086       0.4398110E-01   0.24350E-01
   -2.519258       -2.226890       0.1914270       0.1980608E-01   0.36043E-02
  -0.9961617       -2.381273        0.000000        0.000000       0.33303E-02
  -0.6425099       -2.263979        0.000000        0.000000       0.31733E-02
   0.6657597       0.6198906E-01   0.5318943       0.3537203E-01   0.10000E-02
   47    6
   0.1304463       0.2617342       0.1327956      -0.2248013E-01   0.12400    
  -0.8372090       -2.315779       0.2772995       0.4464050E-01   0.25514E-01
   -2.381359       -2.193982       0.2000905       0.2066426E-01   0.38058E-02
   -1.291058       -2.446639        0.000000        0.000000       0.35237E-02
   -1.794648       -2.479304        0.000000        0.000000       0.33511E-02
    1.360019       0.3712020       0.5857796       0.3853458E-01   0.10000E-02
   48    6
   0.1429150       0.2892997       0.1457503      -0.2494049E-01   0.12600    
  -0.7968050       -2.366876       0.2601474       0.4323102E-01   0.26711E-01
   -2.054191       -2.032268       0.2373642       0.2361386E-01   0.40180E-02
   -12.92100       -6.659790      -0.3792407        0.000000       0.37270E-02
   -1.679608       -2.472096        0.000000        0.000000       0.35375E-02
    2.357749       0.8205487       0.6609655       0.4277028E-01   0.10000E-02
   49    6
   0.1562228       0.3190808       0.1598192      -0.2769038E-01   0.12800    
  -0.4752273       -2.123426       0.3430466       0.5292306E-01   0.27940E-01
   -1.958843       -2.024453       0.2404195       0.2404015E-01   0.42375E-02
   -569.5022       -209.3564       -18.83092        0.000000       0.39380E-02
   0.1403313       -2.156505        0.000000        0.000000       0.37301E-02
    1.691513       0.4838800       0.6128224       0.4058863E-01   0.10000E-02
   50    6
   0.1704767       0.3510867       0.1748415      -0.3064765E-01   0.13000    
  -0.3251987       -2.070885       0.3551731       0.5397527E-01   0.29200E-01
   -2.042619       -2.141780       0.2145081       0.2226609E-01   0.44647E-02
  -0.3241903       -2.306375        0.000000        0.000000       0.41561E-02
   -1909.355       -695.6951       -62.97126        0.000000       0.39288E-02
    3.781862        1.480628       0.7789191       0.4985304E-01   0.10000E-02
   51    6
   0.1856828       0.3857241       0.1905716      -0.3371166E-01   0.13200    
  -0.2650682       -2.085465       0.3540270       0.5479796E-01   0.30491E-01
   -1.955150       -2.138185       0.2164837       0.2261674E-01   0.46983E-02
  -0.2590922       -2.305384        0.000000        0.000000       0.43804E-02
    1.477495       -1.929939        0.000000        0.000000       0.41322E-02
    4.146718        1.634284       0.8079002       0.5170248E-01   0.10000E-02
   52    7
   0.2018979       0.4227412       0.2077038      -0.3714728E-01   0.13400    
  -0.3886420       -2.305629       0.2762095       0.4616455E-01   0.31814E-01
   -1.787765       -2.079149       0.2310045       0.2391554E-01   0.49392E-02
  -0.2911926       -2.322465        0.000000        0.000000       0.46120E-02
    1.260259       -1.977896        0.000000        0.000000       0.43414E-02
    4.463625        1.784831       0.8399339       0.5393124E-01   0.10060E-02
   0.7437025E-01   -2.073113        0.000000        0.000000       0.10000E-02
   53    7
   0.2191545       0.4627020       0.2259421      -0.4086762E-01   0.13600    
  -0.5681773       -2.590798       0.1729306       0.3428092E-01   0.33169E-01
   -1.814537       -2.158760       0.2125687       0.2262628E-01   0.51881E-02
   -271.0965       -104.6621       -9.666326        0.000000       0.48521E-02
   0.8349085       -2.065535        0.000000        0.000000       0.45571E-02
    4.258517        1.656505       0.8224301       0.5324712E-01   0.10721E-02
   0.4705141E-01   -2.087245        0.000000        0.000000       0.10000E-02
   54    7
   0.2375044       0.5056126       0.2450670      -0.4475997E-01   0.13800    
  -0.5781368       -2.689752       0.1363842       0.3028865E-01   0.34561E-01
   -1.823252       -2.222333       0.1984978       0.2173223E-01   0.54528E-02
  -0.5113557       -2.386786        0.000000        0.000000       0.51037E-02
   -389.5570       -149.0482       -13.83258        0.000000       0.47822E-02
    4.212990        1.608614       0.8182967       0.5330471E-01   0.11490E-02
   0.7978328E-01   -2.092368        0.000000        0.000000       0.10000E-02
   55    8
   0.2583232       0.5549247       0.2625954      -0.4784241E-01   0.14000    
  -0.7293807       -2.948768       0.3923865E-01   0.1871751E-01   0.35985E-01
   -1.652483       -2.148971       0.2186405       0.2365852E-01   0.57143E-02
   -1.044111       -2.501478        0.000000        0.000000       0.53594E-02
   -1.437340       -2.517036        0.000000        0.000000       0.50119E-02
    2.021141       0.4602916       0.6265541       0.4273837E-01   0.12171E-02
   0.2740414       -2.073286        0.000000        0.000000       0.10650E-02
   0.1436101       -2.084184        0.000000        0.000000       0.10000E-02
   56    9
   0.2791067       0.6043865       0.2840996      -0.5229825E-01   0.14200    
  -0.3488801       -2.626855       0.1502237       0.3165727E-01   0.37441E-01
   -1.402880       -2.022904       0.2499516       0.2634859E-01   0.59888E-02
  -0.7772988       -2.461660        0.000000        0.000000       0.56236E-02
  -0.7438643       -2.395793        0.000000        0.000000       0.52470E-02
    1.601174       0.2180434       0.5888026       0.4087979E-01   0.12928E-02
   0.2227063       -2.090414        0.000000        0.000000       0.11367E-02
   0.2733539E-02   -2.114531        0.000000        0.000000       0.10622E-02
  -0.9226188       -2.229944        0.000000        0.000000       0.10000E-02
   57    9
   0.3011355       0.6571625       0.3068199      -0.5701436E-01   0.14400    
  -0.4287257       -2.806061       0.8087044E-01   0.2321187E-01   0.38925E-01
   -1.365558       -2.050314       0.2442455       0.2608037E-01   0.62663E-02
   -260.9043       -104.5018       -10.00419        0.000000       0.58906E-02
  -0.8680591       -2.431179        0.000000        0.000000       0.54827E-02
    2.794833       0.7996894       0.6903758       0.4683320E-01   0.13613E-02
   0.1191515       -2.115411        0.000000        0.000000       0.12044E-02
  -0.1681430       -2.149529        0.000000        0.000000       0.11234E-02
  -0.9386316       -2.242873        0.000000        0.000000       0.10000E-02
   58    9
   0.3244012       0.7133002       0.3308536      -0.6206082E-01   0.14600    
  -0.5871422       -3.062328      -0.1331843E-01   0.1221453E-01   0.40443E-01
   -1.287643       -2.048462       0.2451397       0.2631102E-01   0.65488E-02
  -0.7392667       -2.477731        0.000000        0.000000       0.61642E-02
   -189.6030       -76.07673       -7.181683        0.000000       0.57234E-02
    2.105629       0.4374186       0.6341738       0.4402493E-01   0.14366E-02
   0.7421526E-01   -2.130985        0.000000        0.000000       0.12728E-02
  -0.2590259       -2.172243        0.000000        0.000000       0.11854E-02
   -1.293114       -2.305041        0.000000        0.000000       0.10000E-02
   59    9
   0.3490331       0.7731612       0.3564079      -0.6753294E-01   0.14800    
   -1.001499       -3.612134      -0.2193192      -0.1284725E-01   0.41991E-01
   -1.273058       -2.093884       0.2343296       0.2559293E-01   0.68348E-02
  -0.6738235       -2.476331        0.000000        0.000000       0.64404E-02
   -564.1331       -224.1349       -21.81036        0.000000       0.59643E-02
    1.635469       0.1486617       0.5839784       0.4119815E-01   0.15110E-02
   -18.59479       -7.820582      -0.4320809        0.000000       0.13374E-02
  -0.3739644       -2.198969        0.000000        0.000000       0.12422E-02
   -1.924000       -2.409661        0.000000        0.000000       0.10000E-02
   60   10
   0.3751162       0.8359926       0.3853996      -0.7443600E-01   0.15000    
  -0.1940747       -2.821463       0.6089424E-01   0.2049202E-01   0.43569E-01
   -1.277454       -2.152127       0.2205798       0.2466676E-01   0.71260E-02
  -0.6452739       -2.482283        0.000000        0.000000       0.67215E-02
   -1.100152       -2.511150        0.000000        0.000000       0.62079E-02
    1.091419      -0.1639809       0.5320913       0.3841537E-01   0.15753E-02
   -10.57149       -5.399259      -0.2480771        0.000000       0.14028E-02
  -0.4425908       -2.218784        0.000000        0.000000       0.12974E-02
    4.729420       -1.419510        0.000000        0.000000       0.10050E-02
    76.63948        9.028025        0.000000        0.000000       0.10000E-02
   61   11
   0.4025430       0.9039633       0.4140126      -0.8079561E-01   0.15200    
  -0.1013009       -2.799926       0.6613024E-01   0.2121482E-01   0.45184E-01
   -1.200769       -2.146484       0.2230375       0.2508383E-01   0.74279E-02
  -0.4959692       -2.463530        0.000000        0.000000       0.70128E-02
   -1.169365       -2.536623        0.000000        0.000000       0.64593E-02
   0.9528539      -0.2681154       0.5155661       0.3761651E-01   0.16530E-02
    26.23502        5.967364       0.6308028        0.000000       0.14714E-02
  -0.5586326       -2.245858        0.000000        0.000000       0.13569E-02
    8.015082      -0.9258612        0.000000        0.000000       0.10515E-02
    252.5143        34.75980        0.000000        0.000000       0.10269E-02
   0.4395358       -1.833839        0.000000        0.000000       0.10000E-02
   62   11
   0.4314933       0.9758895       0.4446001      -0.8772530E-01   0.15400    
   0.1306641       -2.605089       0.1409000       0.3099641E-01   0.46834E-01
   -1.147840       -2.160574       0.2200436       0.2502525E-01   0.77368E-02
  -0.4580655       -2.466949        0.000000        0.000000       0.73118E-02
   -1.181973       -2.550862        0.000000        0.000000       0.67162E-02
    1.388749      -0.6779101E-01   0.5525212       0.3994012E-01   0.17228E-02
  -0.1475437       -2.200903        0.000000        0.000000       0.15407E-02
    36.13601        9.018801       0.8659293        0.000000       0.14198E-02
    7.378243       -1.023117        0.000000        0.000000       0.11060E-02
    242.5314        33.55212        0.000000        0.000000       0.10802E-02
   0.3774311       -1.851694        0.000000        0.000000       0.10000E-02
   63   11
   0.4619980        1.052385       0.4759316      -0.9467546E-01   0.15600    
   0.4585855E-01   -2.804264       0.5500423E-01   0.1938577E-01   0.48519E-01
  -0.9954955       -2.096670       0.2367651       0.2658832E-01   0.80520E-02
   -108.2289       -46.93828       -4.585294        0.000000       0.76171E-02
   -1.174961       -2.561146        0.000000        0.000000       0.69769E-02
    1.374971      -0.1055428       0.5474180       0.3979217E-01   0.18000E-02
  -0.1813667       -2.215023        0.000000        0.000000       0.16139E-02
    124.7754        36.48989        2.995677        0.000000       0.14806E-02
    7.278820       -1.039604        0.000000        0.000000       0.11606E-02
    230.7065        32.04578        0.000000        0.000000       0.11309E-02
   0.3347525       -1.866721        0.000000        0.000000       0.10000E-02
   64   11
   0.4941268        1.133436       0.5096460      -0.1023991       0.15800    
  -0.2288961       -3.245175      -0.1326666      -0.6334170E-02   0.50239E-01
   -1.047406       -2.193166       0.2119486       0.2462395E-01   0.83756E-02
   -145.7175       -62.93987       -6.289011        0.000000       0.79303E-02
   -1.196012       -2.577283        0.000000        0.000000       0.72428E-02
    1.145688      -0.2575462       0.5224699       0.3851432E-01   0.18808E-02
  -0.2006019       -2.227028        0.000000        0.000000       0.16883E-02
  -0.7863841       -2.309417        0.000000        0.000000       0.15440E-02
   -469.9536       -146.7794       -11.12494        0.000000       0.12172E-02
    209.4476        29.14409        0.000000        0.000000       0.11852E-02
   0.3567208       -1.873369        0.000000        0.000000       0.10000E-02
   65   11
   0.5279006        1.218876       0.5458914      -0.1111128       0.16000    
  -0.4298277       -3.587260      -0.2776176      -0.2599531E-01   0.51996E-01
   -1.117508       -2.305183       0.1825747       0.2223686E-01   0.87080E-02
  -0.2731363       -2.461730        0.000000        0.000000       0.82516E-02
   -59.52583       -26.69026       -2.489425        0.000000       0.75140E-02
    1.053310      -0.3380969       0.5091831       0.3785007E-01   0.19675E-02
  -0.2381866       -2.241440        0.000000        0.000000       0.17677E-02
  -0.7952605       -2.319844        0.000000        0.000000       0.16113E-02
   -325.6347       -102.6315       -7.747280        0.000000       0.12750E-02
    207.3469        28.99740        0.000000        0.000000       0.12412E-02
   0.2075111       -1.903004        0.000000        0.000000       0.10000E-02
   66   11
   0.5634533        1.309869       0.5826632      -0.1196586       0.16200    
  -0.3569928       -3.577732      -0.2751077      -0.2539814E-01   0.53788E-01
   -1.126669       -2.366878       0.1668047       0.2106985E-01   0.90458E-02
  -0.2156021       -2.460486        0.000000        0.000000       0.85806E-02
   -213.2464       -90.90068       -9.191479        0.000000       0.77901E-02
    1.450571      -0.1423191       0.5478203       0.4042780E-01   0.20468E-02
   -20.07292       -8.601975      -0.5084994        0.000000       0.18418E-02
  -0.8868868       -2.343474        0.000000        0.000000       0.16756E-02
   -459.7389       -144.5447       -11.01980        0.000000       0.13325E-02
    198.1385        27.80503        0.000000        0.000000       0.12949E-02
   0.1427699       -1.921400        0.000000        0.000000       0.10000E-02
   67   11
   0.6007674        1.405803       0.6216530      -0.1289422       0.16400    
   0.3761959       -2.721315       0.8337964E-01   0.2436424E-01   0.55618E-01
   -1.093945       -2.394362       0.1600226       0.2067970E-01   0.93942E-02
  -0.1435738       -2.455919        0.000000        0.000000       0.89178E-02
   -1.137402       -2.599820        0.000000        0.000000       0.80711E-02
    1.539125      -0.1186434       0.5544519       0.4102928E-01   0.21283E-02
    40.24486        10.80003        1.053024        0.000000       0.19228E-02
  -0.8838349       -2.352309        0.000000        0.000000       0.17412E-02
   -753.8856       -236.5007       -18.20317        0.000000       0.13915E-02
    188.7916        26.57176        0.000000        0.000000       0.13514E-02
   0.7914044E-01   -1.939695        0.000000        0.000000       0.10000E-02
   68   11
   0.6399080        1.507550       0.6617203      -0.1383204       0.16600    
    1.123773       -1.842057       0.4528426       0.7587186E-01   0.57485E-01
   -1.025503       -2.394047       0.1600356       0.2082939E-01   0.97513E-02
  -0.1280690       -2.463235        0.000000        0.000000       0.92643E-02
   -1.102599       -2.604005        0.000000        0.000000       0.83579E-02
    1.565706      -0.1306903       0.5542324       0.4120096E-01   0.22065E-02
  -0.2721013       -2.272670        0.000000        0.000000       0.20058E-02
    11.31982        1.549222       0.3132722        0.000000       0.18118E-02
   -1751.404       -548.7359       -42.62794        0.000000       0.14533E-02
    174.6126        24.58168        0.000000        0.000000       0.14093E-02
   0.1022445E-01   -1.958829        0.000000        0.000000       0.10000E-02
   69   11
   0.6810268        1.614715       0.7047644      -0.1487948       0.16800    
   0.2861765       -3.034285      -0.6955860E-01   0.8766888E-03   0.59390E-01
   -1.018250       -2.444908       0.1458028       0.1968026E-01   0.10116E-01
   -141.5141       -63.73211       -6.635146        0.000000       0.96169E-02
   -1.080350       -2.610737        0.000000        0.000000       0.86480E-02
    1.088972      -0.4292831       0.4997727       0.3796842E-01   0.23068E-02
  -0.2823376       -2.282790        0.000000        0.000000       0.20898E-02
    26.58357        6.468042       0.7109750        0.000000       0.18845E-02
    5.918790       -1.262715        0.000000        0.000000       0.15146E-02
   -39265.23       -12096.04       -931.2452        0.000000       0.14677E-02
  -0.5853905E-01   -1.978005        0.000000        0.000000       0.10000E-02
   70   11
   0.7239679        1.728563       0.7484077      -0.1591845       0.17000    
   0.8425331       -2.376847       0.2176888       0.4296652E-01   0.61332E-01
  -0.9383374       -2.433463       0.1488002       0.2008487E-01   0.10486E-01
    1202.030        522.6689        57.35117        0.000000       0.99782E-02
   -1.040335       -2.613598        0.000000        0.000000       0.89436E-02
   0.7950819      -0.6272598       0.4635343       0.3582781E-01   0.23981E-02
  -0.2912496       -2.292660        0.000000        0.000000       0.21730E-02
    87.10910        26.09038        2.302670        0.000000       0.19498E-02
    6.154597       -1.228025        0.000000        0.000000       0.15763E-02
    158.0817        22.34016        0.000000        0.000000       0.15278E-02
   -8.846692       -4.604679      -0.1947331        0.000000       0.10000E-02
   71   11
   0.7690650        1.847933       0.7951371      -0.1706965       0.17200    
   0.3910638       -3.066247      -0.8988271E-01  -0.1716670E-02   0.63314E-01
  -0.7685307       -2.344676       0.1734661       0.2247640E-01   0.10870E-01
   0.1580764       -2.432366        0.000000        0.000000       0.10349E-01
   -18.73100       -10.28085      -0.8281626        0.000000       0.92441E-02
   0.4133195      -0.8734539       0.4187348       0.3319459E-01   0.24912E-02
  -0.3254786       -2.306898        0.000000        0.000000       0.22635E-02
   -1.041326       -2.414427        0.000000        0.000000       0.20236E-02
   -347.7133       -113.9447       -8.974122        0.000000       0.16394E-02
    172.0568        24.67556        0.000000        0.000000       0.15885E-02
   -9.275046       -4.749010      -0.2052702        0.000000       0.10000E-02
   72   11
   0.8163875        1.973711       0.8450112      -0.1834178       0.17400    
  -0.4838336       -4.305761      -0.6336087      -0.7990030E-01   0.65351E-01
  -0.6627939       -2.310738       0.1825366       0.2341904E-01   0.11271E-01
   0.2339746       -2.425858        0.000000        0.000000       0.10739E-01
   -72.03406       -33.58746       -3.372880        0.000000       0.95607E-02
   0.9958919      -0.5742326       0.4761557       0.3691417E-01   0.26009E-02
  -0.3508265       -2.319635        0.000000        0.000000       0.23654E-02
  -0.9999442       -2.416885        0.000000        0.000000       0.21076E-02
   -455.8438       -149.2679       -11.85668        0.000000       0.17164E-02
    167.2194        24.09881        0.000000        0.000000       0.16617E-02
   -9.065569       -4.703894      -0.2017532        0.000000       0.10000E-02
   73   11
   0.8657241        2.107907       0.8933986      -0.1950225       0.17600    
   -1.687384       -5.992146       -1.378877      -0.1881824       0.67416E-01
  -0.5680929       -2.283972       0.1901670       0.2429513E-01   0.11681E-01
   0.2471291       -2.433027        0.000000        0.000000       0.11136E-01
   -109.8219       -50.42993       -5.246146        0.000000       0.98811E-02
    1.563393      -0.2748960       0.5351446       0.4082792E-01   0.27080E-02
  -0.3445279       -2.327094        0.000000        0.000000       0.24687E-02
   -1.003712       -2.426731        0.000000        0.000000       0.21940E-02
   -668.1490       -218.6006       -17.51441        0.000000       0.17932E-02
    163.1976        23.63701        0.000000        0.000000       0.17351E-02
   -9.142077       -4.745900      -0.2048781        0.000000       0.10000E-02
   74   11
   0.9174498        2.247504       0.9467259      -0.2086212       0.17800    
   -2.906569       -7.712789       -2.146751      -0.3009705       0.69525E-01
  -0.5114560       -2.290521       0.1879331       0.2420651E-01   0.12100E-01
   0.3252911       -2.425639        0.000000        0.000000       0.11544E-01
   -1.055059       -2.663179        0.000000        0.000000       0.10207E-01
    1.063127      -0.5955365       0.4745791       0.3709492E-01   0.28196E-02
  -0.3529123       -2.337024        0.000000        0.000000       0.25749E-02
  -0.9605040       -2.428698        0.000000        0.000000       0.22810E-02
   -1135.943       -371.5260       -30.00808        0.000000       0.18716E-02
    158.6938        23.08818        0.000000        0.000000       0.18092E-02
   -9.014306       -4.726319      -0.2033698        0.000000       0.10000E-02
   75   11
   0.9715272        2.394372        1.002484      -0.2229828       0.18000    
   -3.234624       -8.258446       -2.404868      -0.3408727       0.71676E-01
  -0.4961270       -2.333101       0.1752559       0.2313601E-01   0.12527E-01
   0.3837968       -2.422457        0.000000        0.000000       0.11959E-01
   -1.038651       -2.671178        0.000000        0.000000       0.10535E-01
    1.181497      -0.5582641       0.4827602       0.3775094E-01   0.29317E-02
  -0.3425293       -2.343691        0.000000        0.000000       0.26816E-02
  -0.9110663       -2.429432        0.000000        0.000000       0.23673E-02
   -2776.092       -908.3680       -73.92523        0.000000       0.19489E-02
    92.11913        12.57988        0.000000        0.000000       0.18224E-02
   -9.049561       -4.756883      -0.2057336        0.000000       0.10000E-02
   76   11
    1.027965        2.548735        1.059170      -0.2374317       0.18200    
  -0.1388674       -4.189850      -0.6085705      -0.7834634E-01   0.73871E-01
  -0.5418779       -2.432299       0.1452866       0.2035277E-01   0.12968E-01
   0.4574614       -2.415614        0.000000        0.000000       0.12385E-01
   -1.013940       -2.677272        0.000000        0.000000       0.10871E-01
   0.5926799      -0.9290537       0.4128033       0.3345002E-01   0.30485E-02
    28.75208        7.620231       0.8544632        0.000000       0.27922E-02
  -0.8607100       -2.429885        0.000000        0.000000       0.24572E-02
    10.15102      -0.5727651        0.000000        0.000000       0.20308E-02
   -29186.75       -9419.134       -759.5805        0.000000       0.19601E-02
   -8.764397       -4.692462      -0.2010906        0.000000       0.10000E-02
   77   11
    1.086826        2.711894        1.118709      -0.2530510       0.18400    
    3.837143        1.078941        1.729544       0.2653333       0.76111E-01
  -0.4957574       -2.445145       0.1415475       0.2017918E-01   0.13418E-01
   0.3652271       -2.446832        0.000000        0.000000       0.12824E-01
   -1.075519       -2.702939        0.000000        0.000000       0.11215E-01
   0.1164431       -1.245366       0.3507874       0.2946870E-01   0.31737E-02
    36.34357        10.28173        1.089072        0.000000       0.29087E-02
  -0.7196406       -2.414636        0.000000        0.000000       0.25507E-02
    11.59087      -0.3288460        0.000000        0.000000       0.21161E-02
    155.3804        23.02907        0.000000        0.000000       0.20404E-02
    14.48776        5.993605        1.439256       0.8387552E-01   0.10000E-02
   78   11
    1.148182        2.883505        1.179941      -0.2690053       0.18600    
   -75.67280       -106.8115       -46.66985       -6.921335       0.78395E-01
  -0.4718921       -2.481623       0.1298190       0.1914200E-01   0.13880E-01
   0.5458311       -2.414923        0.000000        0.000000       0.13273E-01
   -1.001808       -2.697793        0.000000        0.000000       0.11564E-01
   0.5622986       -1.012508       0.3975267       0.3265268E-01   0.32960E-02
  -0.2940258       -2.360373        0.000000        0.000000       0.30265E-02
   -13.42533       -6.756598      -0.3694011        0.000000       0.26454E-02
    11.51947      -0.3368847        0.000000        0.000000       0.22019E-02
    147.1635        21.84303        0.000000        0.000000       0.21216E-02
    6.938054        2.505492       0.9072483       0.5687612E-01   0.10000E-02
   79   11
    1.212300        3.062757        1.243900      -0.2858667       0.18800    
    2.146188       -1.419765       0.5776859       0.9075303E-01   0.80725E-01
  -0.3384589       -2.413808       0.1501542       0.2130935E-01   0.14353E-01
   0.6103294       -2.409653        0.000000        0.000000       0.13734E-01
  -0.9599744       -2.699780        0.000000        0.000000       0.11919E-01
   0.5533504       -1.046217       0.3922250       0.3245778E-01   0.34249E-02
  -0.2653570       -2.363646        0.000000        0.000000       0.31478E-02
   -13.89480       -6.963786      -0.3896233        0.000000       0.27430E-02
    11.23850      -0.3804082        0.000000        0.000000       0.22911E-02
    143.4458        21.37839        0.000000        0.000000       0.22057E-02
    5.356723        1.762321       0.7957191       0.5133073E-01   0.10000E-02
   80   11
    1.279420        3.250287        1.311739      -0.3043265       0.19000    
    1.461814       -2.479809       0.7138032E-01   0.1131030E-01   0.83102E-01
  -0.1993844       -2.341105       0.1717446       0.2358561E-01   0.14839E-01
   0.7083359       -2.396116        0.000000        0.000000       0.14209E-01
  -0.9064825       -2.698844        0.000000        0.000000       0.12284E-01
   0.9732423      -0.8222812       0.4382431       0.3565662E-01   0.35616E-02
  -0.2767517       -2.373903        0.000000        0.000000       0.32785E-02
   -16.12965       -7.770715      -0.4607936        0.000000       0.28471E-02
    10.16174      -0.5597522        0.000000        0.000000       0.23849E-02
    134.6615        20.07012        0.000000        0.000000       0.22949E-02
    7.511195        2.752448       0.9520268       0.5957583E-01   0.10000E-02
   81   11
    1.348996        3.449086        1.379717      -0.3225531       0.19200    
   0.9375073       -3.314474      -0.3310548      -0.5242390E-01   0.85530E-01
  -0.1571958       -2.358745       0.1655815       0.2307288E-01   0.15347E-01
   -12.60862       -8.706389      -0.7451436        0.000000       0.14698E-01
  -0.8463792       -2.696289        0.000000        0.000000       0.12657E-01
   0.1292147       -1.374784       0.3258376       0.2812996E-01   0.37041E-02
  -0.2699530       -2.380886        0.000000        0.000000       0.34157E-02
   -21.05991       -9.513279      -0.6131259        0.000000       0.29566E-02
    7.169539       -1.070050        0.000000        0.000000       0.24851E-02
    103.9360        15.08870        0.000000        0.000000       0.23893E-02
    7.699908        2.838521       0.9699279       0.6077047E-01   0.10000E-02
   82   11
    1.421633        3.656532        1.449535      -0.3411456       0.19400    
    4.783135        1.898753        2.040089       0.3056000       0.88004E-01
  -0.8472494E-01   -2.347734       0.1681480       0.2344338E-01   0.15861E-01
   0.8382335       -2.384054        0.000000        0.000000       0.15200E-01
    4.241447      -0.3262332       0.2785731        0.000000       0.13035E-01
  -0.2017223       -1.618463       0.2750842       0.2469182E-01   0.38507E-02
  -0.2063877       -2.377680        0.000000        0.000000       0.35542E-02
  -0.7141923       -2.457416        0.000000        0.000000       0.30664E-02
   -218.9673       -77.55637       -6.464441        0.000000       0.25856E-02
    62.94545        8.314802        0.000000        0.000000       0.24840E-02
    8.596093        3.238668        1.034063       0.6422600E-01   0.10000E-02
   83   11
    1.497331        3.872690        1.523693      -0.3614655       0.19600    
    2.816352      -0.7966007       0.8475311       0.1314342       0.90526E-01
  -0.8459506E-01   -2.407041       0.1482393       0.2147953E-01   0.16387E-01
   0.8774675       -2.384005        0.000000        0.000000       0.15711E-01
    2.999723      -0.9219910       0.2098245        0.000000       0.13419E-01
  -0.3735429       -1.761374       0.2454081       0.2271726E-01   0.39991E-02
  -0.2108227       -2.386578        0.000000        0.000000       0.36963E-02
  -0.6567929       -2.455857        0.000000        0.000000       0.31769E-02
   -96.13177       -35.33169       -2.834209        0.000000       0.26876E-02
    19.32631        1.006257        0.000000        0.000000       0.25796E-02
    8.023641        2.959025       0.9933908       0.6230312E-01   0.10000E-02
   84   11
    1.576087        4.101607        1.597687      -0.3818046       0.19800    
    2.817680      -0.5417339        1.120575       0.1984332       0.93105E-01
  -0.5607924E-01   -2.437463       0.1376874       0.2050168E-01   0.16939E-01
   0.8264305       -2.405851        0.000000        0.000000       0.16244E-01
   -7.570315       -5.966840      -0.3892346        0.000000       0.13814E-01
  -0.8235563E-01   -1.616690       0.2749185       0.2478372E-01   0.41494E-02
   -6.173122       -4.549547      -0.1946956        0.000000       0.38541E-02
  -0.6440555       -2.462137        0.000000        0.000000       0.33019E-02
    156.4814        52.20023        4.749490        0.000000       0.27980E-02
   -17.26231       -5.202909        0.000000        0.000000       0.26830E-02
    8.878450        3.355189        1.059187       0.6596524E-01   0.10000E-02
   85   12
    1.659782        4.312354        1.780493      -0.4656572       0.20000    
   0.9858569       -3.524871      -0.4377929      -0.6865895E-01   0.95730E-01
  -0.5951681E-01   -2.498906       0.1172284       0.1850613E-01   0.17493E-01
   0.8513756       -2.409322        0.000000        0.000000       0.16785E-01
   -27.68667       -15.67198       -1.556605        0.000000       0.14213E-01
  -0.1691542E-01   -1.615063       0.2743692       0.2476032E-01   0.43170E-02
  -0.2624732       -2.412188        0.000000        0.000000       0.40080E-02
   -6.862956       -4.693586      -0.1986053        0.000000       0.34260E-02
    911.5622        315.3527        27.67530        0.000000       0.29087E-02
   -36.85934       -8.585119        0.000000        0.000000       0.27867E-02
    8.714710        3.256024        1.044822       0.6531475E-01   0.10420E-02
    1.801179       -1.842534        0.000000        0.000000       0.10000E-02
   86   12
    1.745296        4.557236        1.874289      -0.4961347       0.20200    
    19.65999        25.93616        14.92980        2.574900       0.98404E-01
  -0.4862620E-01   -2.546746       0.1008703       0.1692053E-01   0.18049E-01
   0.8779331       -2.412248        0.000000        0.000000       0.17337E-01
   -12.68341       -8.531570      -0.7047369        0.000000       0.14619E-01
   0.1290587       -1.557825       0.2862083       0.2563740E-01   0.44820E-02
  -0.2522599       -2.418429        0.000000        0.000000       0.41590E-02
   -12.44670       -6.726351      -0.3820125        0.000000       0.35380E-02
   -5.223500       -3.264555        0.000000        0.000000       0.30215E-02
    6445.937        2218.727        191.3171        0.000000       0.28924E-02
    6.734222        2.290428       0.8928429       0.5738923E-01   0.10970E-02
    1.853046       -1.842085        0.000000        0.000000       0.10000E-02
   87   12
    1.833945        4.817011        1.964265      -0.5236604       0.20400    
    4.029093        1.148780        2.005467       0.3540838       0.10114    
   0.7790777E-01   -2.478733       0.1221505       0.1931882E-01   0.18639E-01
   0.6792122       -2.471691        0.000000        0.000000       0.17906E-01
  -0.6159253       -2.709332        0.000000        0.000000       0.15031E-01
   0.2245001       -1.526516       0.2937919       0.2630439E-01   0.46520E-02
  -0.3671272       -2.447865        0.000000        0.000000       0.43270E-02
   -8.587686       -5.356774      -0.2589921        0.000000       0.36630E-02
   -3.740702       -3.013374        0.000000        0.000000       0.31362E-02
    3741.815        1295.831        112.5866        0.000000       0.29999E-02
    4.764005        1.328383       0.7411761       0.4946934E-01   0.11530E-02
    1.832825       -1.851937        0.000000        0.000000       0.10000E-02
   88   13
    1.926482        5.085818        2.063474      -0.5563022       0.20600    
    2.000446       -2.128612       0.2972274       0.6110318E-01   0.10392    
   0.1938485       -2.420374       0.1403489       0.2138615E-01   0.19237E-01
   0.5813919       -2.506473        0.000000        0.000000       0.18484E-01
  -0.5881555       -2.713872        0.000000        0.000000       0.15444E-01
  -0.3352420       -1.924807       0.2078223       0.2021514E-01   0.48220E-02
  -0.3296454       -2.449042        0.000000        0.000000       0.44895E-02
   -10.37376       -6.036746      -0.3220081        0.000000       0.37918E-02
   -2.018246       -2.715882        0.000000        0.000000       0.32484E-02
   -15.10248       -4.930223        0.000000        0.000000       0.31049E-02
    8.968086        3.327778        1.062073       0.6664090E-01   0.12084E-02
    1.679997       -1.881372        0.000000        0.000000       0.10576E-02
    2.092299       -1.819125        0.000000        0.000000       0.10000E-02
   89   13
    2.022372        5.368384        2.166834      -0.5910438       0.20800    
   0.1870606       -5.114858       -1.287081      -0.2155216       0.10676    
   0.3223102       -2.345409       0.1653231       0.2436064E-01   0.19840E-01
   0.4760460       -2.543494        0.000000        0.000000       0.19083E-01
  -0.5627827       -2.718849        0.000000        0.000000       0.15871E-01
  -0.1193885       -1.821710       0.2293908       0.2178690E-01   0.50020E-02
    58.11946        19.46471        2.055413        0.000000       0.46560E-02
   -32.45308       -14.17110       -1.069454        0.000000       0.39090E-02
   -1.116402       -2.562644        0.000000        0.000000       0.33702E-02
   -7.137856       -3.554879        0.000000        0.000000       0.32190E-02
    6.433324        2.092120       0.8663432       0.5637107E-01   0.12690E-02
    1.629569       -1.895692        0.000000        0.000000       0.10800E-02
    2.095944       -1.825354        0.000000        0.000000       0.10000E-02
   90   13
    2.121967        5.664420        2.272015      -0.6264125       0.21000    
   0.5998278       -4.550329       -1.002282      -0.1674981       0.10965    
   0.3808013       -2.344987       0.1640191       0.2429860E-01   0.20472E-01
    386.3976        195.2506        25.34593        0.000000       0.19693E-01
  -0.5217882       -2.719870        0.000000        0.000000       0.16300E-01
  -0.3259707       -2.004541       0.1867222       0.1857722E-01   0.51823E-02
   -8.698419       -5.628056      -0.2987990        0.000000       0.48304E-02
  -0.5961685       -2.504188        0.000000        0.000000       0.40461E-02
   -18.82221       -9.011758      -0.5857078        0.000000       0.34908E-02
   -2.668954       -2.779580        0.000000        0.000000       0.33320E-02
    3.157025       0.4684881       0.6031214       0.4220227E-01   0.13295E-02
    1.491636       -1.923307        0.000000        0.000000       0.11683E-02
    2.106963       -1.830101        0.000000        0.000000       0.10000E-02
   91   14
    2.225589        5.971064        2.378988      -0.6622353       0.21200    
    2.510768       -1.579767       0.5606829       0.1053188       0.11260    
   0.4105395       -2.372380       0.1538471       0.2332721E-01   0.21105E-01
   0.4011761       -2.583934        0.000000        0.000000       0.20314E-01
    4.518785      -0.2197839       0.3125360        0.000000       0.16733E-01
  -0.5295875       -2.169542       0.1509430       0.1606647E-01   0.53669E-02
  -0.3133895       -2.470176        0.000000        0.000000       0.50009E-02
    134.5340        47.65590        4.655030        0.000000       0.41738E-02
   -3.657429       -3.571359      -0.9638109E-01    0.000000       0.36112E-02
   -3.429714       -2.924805        0.000000        0.000000       0.34418E-02
    2.003226      -0.1268907       0.5049565       0.3681885E-01   0.13871E-02
    1.365787       -1.949304        0.000000        0.000000       0.12243E-02
    2.089210       -1.839319        0.000000        0.000000       0.10067E-02
    2.243242       -1.807904        0.000000        0.000000       0.10000E-02
   92   14
    2.332925        6.293619        2.490864      -0.7006438       0.21400    
    1.922712       -2.609298       0.5844926E-02   0.7329196E-02   0.11561    
   0.5378252       -2.298053       0.1780480       0.2614970E-01   0.21757E-01
   0.4253232       -2.588345        0.000000        0.000000       0.20948E-01
    5.053097       0.4463624E-01   0.3479574        0.000000       0.17166E-01
  -0.9683834       -2.493837       0.7935402E-01   0.1088614E-01   0.55480E-02
  -0.3156200       -2.478498        0.000000        0.000000       0.51822E-02
   -9.427752       -5.822818      -0.3086229        0.000000       0.43034E-02
    2.361863       -1.433624       0.9468169E-01    0.000000       0.37276E-02
   -2.110763       -2.699399        0.000000        0.000000       0.35517E-02
    1.051051      -0.6163325       0.4254719       0.3253885E-01   0.14408E-02
    1.291907       -1.967449        0.000000        0.000000       0.12726E-02
    2.023272       -1.855657        0.000000        0.000000       0.10449E-02
    2.453102       -1.783979        0.000000        0.000000       0.10000E-02
   93   14
    2.444546        6.627758        2.609044      -0.7421820       0.21600    
    4.326416        1.191194        2.030970       0.3654998       0.11868    
   0.5994350       -2.291445       0.1794128       0.2648285E-01   0.22427E-01
   0.3058589       -2.630414        0.000000        0.000000       0.21600E-01
    2.777549       -1.114625       0.2031333        0.000000       0.17610E-01
  -0.9470200       -2.522282       0.7078697E-01   0.1015828E-01   0.57232E-02
  -0.2715380       -2.477955        0.000000        0.000000       0.53662E-02
   -8.205773       -5.396541      -0.2701449        0.000000       0.44347E-02
   -16.92723       -8.501295      -0.5512963        0.000000       0.38503E-02
  -0.8927996       -2.489489        0.000000        0.000000       0.36658E-02
    4.512045        1.077088       0.7052029       0.4792900E-01   0.15007E-02
    148.2079        42.80960        3.412541        0.000000       0.13277E-02
    1.905198       -1.879840        0.000000        0.000000       0.10868E-02
    2.527352       -1.779569        0.000000        0.000000       0.10000E-02
   94   14
    2.560483        6.976862        2.733651      -0.7877253       0.21800    
    5.964723        3.786650        3.429695       0.6162948       0.12182    
   0.6162690       -2.333372       0.1633655       0.2477626E-01   0.23097E-01
   0.4090622       -2.614181        0.000000        0.000000       0.22266E-01
   0.1225811       -2.490847       0.2768033E-01    0.000000       0.18057E-01
  -0.8483138       -2.485259       0.7953690E-01   0.1090593E-01   0.59329E-02
  -0.1861026       -2.469071        0.000000        0.000000       0.55412E-02
   -10.11115       -6.139064      -0.3408883        0.000000       0.45566E-02
   -1205.875       -444.4525       -40.50682        0.000000       0.39726E-02
   -1.992077       -2.696191        0.000000        0.000000       0.37781E-02
    5.325909        1.465470       0.7704062       0.5156407E-01   0.15586E-02
   -1.993085       -2.968988      -0.7420939E-01    0.000000       0.13721E-02
    1.847806       -1.895079        0.000000        0.000000       0.11148E-02
    2.655292       -1.767222        0.000000        0.000000       0.10000E-02
   95   14
    2.680285        7.343948        2.853670      -0.8301522       0.22000    
   0.6714372       -4.862686       -1.215496      -0.2095596       0.12503    
   0.6774342       -2.327382       0.1640662       0.2498959E-01   0.23773E-01
   0.4193842       -2.622336        0.000000        0.000000       0.22944E-01
   -7.085336       -6.234343      -0.4552207        0.000000       0.18504E-01
  -0.2084877E-01   -1.972462       0.1913835       0.1907209E-01   0.61205E-02
   -24.78609       -12.07581      -0.9363596        0.000000       0.57102E-02
   -10.77317       -6.424989      -0.3697632        0.000000       0.46670E-02
  -0.1848059       -2.439103        0.000000        0.000000       0.40921E-02
   -457.3698       -167.9099       -14.98340        0.000000       0.38869E-02
    6.103122        1.848839       0.8373260       0.5545592E-01   0.16171E-02
   -8.267489       -4.903377      -0.2222352        0.000000       0.14118E-02
    1.860462       -1.899753        0.000000        0.000000       0.11357E-02
    2.826558       -1.748302        0.000000        0.000000       0.10000E-02
   96   14
    2.804722        7.725512        2.979015      -0.8753889       0.22200    
    2.599640       -1.741647       0.4968930       0.1030616       0.12822    
   0.7156214       -2.344276       0.1574971       0.2447923E-01   0.24460E-01
   0.3415674       -2.654198        0.000000        0.000000       0.23799E-01
   -11.41226       -8.538724      -0.7587201        0.000000       0.18930E-01
   0.1032479       -1.925363       0.2006091       0.1971949E-01   0.62880E-02
   -1.279127       -2.918144      -0.4299002E-01    0.000000       0.58950E-02
   -22.50437       -10.94851      -0.8041019        0.000000       0.47970E-02
   0.2797652       -2.359467        0.000000        0.000000       0.42270E-02
   -236.9971       -89.01918       -7.923753        0.000000       0.39710E-02
    3.635805       0.5842092       0.6258124       0.4370226E-01   0.16430E-02
    47.68725        12.41832        1.119313        0.000000       0.14400E-02
    1.907920       -1.898973        0.000000        0.000000       0.11540E-02
    2.942934       -1.737145        0.000000        0.000000       0.10000E-02
   97   14
    2.933790        8.124300        3.106233      -0.9216278       0.22400    
    8.844262        8.494836        6.100592        1.122051       0.13159    
   0.7688992       -2.345818       0.1555710       0.2440205E-01   0.25275E-01
   0.3188945       -2.671703        0.000000        0.000000       0.24385E-01
    15.84953        5.675740        1.095412        0.000000       0.19452E-01
  -0.6680872E-01   -2.082884       0.1625200       0.1674022E-01   0.65560E-02
  -0.1664770       -2.488403        0.000000        0.000000       0.61470E-02
   -3460.709       -2008.877       -387.7214       -24.97182       0.49770E-02
   0.3457894       -2.353427        0.000000        0.000000       0.43660E-02
    2.682437       -1.862683        0.000000        0.000000       0.41320E-02
    2.300761      -0.1204217       0.5061725       0.3695127E-01   0.17550E-02
   0.9396187       -2.056090        0.000000        0.000000       0.15540E-02
   -16.44486       -7.439119      -0.4170074        0.000000       0.12350E-02
    2.799949       -1.763546        0.000000        0.000000       0.10000E-02
   98   14
    3.067788        8.540065        3.237981      -0.9706772       0.22600    
    2.786037       -1.325456       0.8655514       0.1986192       0.13596    
   0.8394257       -2.327573       0.1608124       0.2517590E-01   0.26110E-01
   0.6486271       -2.592850        0.000000        0.000000       0.25250E-01
   -102.4510       -56.70365       -7.117556        0.000000       0.19930E-01
  -0.2109039       -2.226704       0.1266936       0.1388791E-01   0.67540E-02
  -0.1275976       -2.488159        0.000000        0.000000       0.63590E-02
   -10.91310       -6.592324      -0.3921223        0.000000       0.51090E-02
   -42.80861       -18.52920       -1.514320        0.000000       0.44970E-02
    1.925279       -2.006924        0.000000        0.000000       0.42530E-02
    1.779747      -0.3900647       0.4632509       0.3467512E-01   0.17990E-02
   0.9215253       -2.065802        0.000000        0.000000       0.16160E-02
   -12.27982       -6.189736      -0.3223429        0.000000       0.12790E-02
    3.274690       -1.698119        0.000000        0.000000       0.10000E-02
   99   15
    3.206761        8.970103        3.381340       -1.025631       0.22800    
    1.233050       -3.692018      -0.2745472       0.2268712E-01   0.13949    
   0.9297053       -2.285642       0.1752367       0.2712579E-01   0.26900E-01
   0.6031687       -2.616033        0.000000        0.000000       0.26020E-01
  -0.5747541E-01   -2.696999        0.000000        0.000000       0.20410E-01
   -1.642881       -3.245374      -0.1067157      -0.3798718E-02   0.69770E-02
  -0.1488235       -2.500065        0.000000        0.000000       0.65740E-02
   -10.13207       -6.328239      -0.3687779        0.000000       0.52520E-02
   -60.32751       -25.25413       -2.158167        0.000000       0.46300E-02
    2.671047       -1.872993        0.000000        0.000000       0.43740E-02
    2.723153       0.7476247E-01   0.5433225       0.3927693E-01   0.18680E-02
   0.8400782       -2.085357        0.000000        0.000000       0.16800E-02
   -12.80298       -6.370521      -0.3367575        0.000000       0.13210E-02
    3.608425       -1.653095        0.000000        0.000000       0.10320E-02
    4.146889       -1.570438        0.000000        0.000000       0.10000E-02
  100   16
    3.350732        9.421506        3.519263       -1.078064       0.23000    
    2.989668      -0.9357823        1.195622       0.2848936       0.14309    
    1.016494       -2.249698       0.1863274       0.2852066E-01   0.27700E-01
   0.6601987       -2.611204        0.000000        0.000000       0.26810E-01
  -0.2520165E-02   -2.692817        0.000000        0.000000       0.20900E-01
   -1.662249       -3.297327      -0.1204867      -0.4913808E-02   0.72050E-02
  -0.1490977       -2.507624        0.000000        0.000000       0.67930E-02
   -8.544079       -5.739284      -0.3128257        0.000000       0.53970E-02
   -118.6697       -47.51393       -4.279808        0.000000       0.47660E-02
    3.312945       -1.756989        0.000000        0.000000       0.44980E-02
   -1.047843       -1.898975       0.2032646       0.1977390E-01   0.19370E-02
   0.7717909       -2.102947        0.000000        0.000000       0.17470E-02
   -13.70679       -6.668659      -0.3602331        0.000000       0.13660E-02
    3.553804       -1.666301        0.000000        0.000000       0.10690E-02
    10.48398      -0.6490382        0.000000        0.000000       0.10020E-02
    3.531741       -1.649638        0.000000        0.000000       0.10000E-02
