616
2.5000E-04 4.812E+04
5.0000E-04 7.547E+03
7.5000E-04 2.555E+03
1.0000E-03 1.185E+03
1.2500E-03 6.537E+02
1.5000E-03 4.023E+02
1.7500E-03 3.074E+03
2.0000E-03 2.263E+03
2.2500E-03 1.692E+03
2.5000E-03 1.286E+03
2.7500E-03 9.970E+02
3.0000E-03 7.881E+02
3.2500E-03 6.347E+02
3.5000E-03 5.192E+02
3.7500E-03 4.303E+02
4.0000E-03 3.605E+02
4.2500E-03 3.048E+02
4.5000E-03 2.600E+02
4.7500E-03 2.234E+02
5.0000E-03 1.934E+02
5.2500E-03 1.685E+02
5.5000E-03 1.477E+02
5.7500E-03 1.302E+02
6.0000E-03 1.153E+02
6.2500E-03 1.026E+02
6.5000E-03 9.168E+01
6.7500E-03 8.226E+01
7.0000E-03 7.408E+01
7.2500E-03 6.694E+01
7.5000E-03 6.069E+01
7.7500E-03 5.518E+01
8.0000E-03 5.032E+01
8.2500E-03 4.601E+01
8.5000E-03 4.218E+01
8.7500E-03 3.875E+01
9.0000E-03 3.569E+01
9.2500E-03 3.294E+01
9.5000E-03 3.047E+01
9.7500E-03 2.823E+01
1.0000E-02 2.621E+01
1.0250E-02 2.438E+01
1.0500E-02 2.271E+01
1.0750E-02 2.120E+01
1.1000E-02 1.981E+01
1.1250E-02 1.855E+01
1.1500E-02 1.738E+01
1.1750E-02 1.632E+01
1.2000E-02 1.534E+01
1.2250E-02 1.443E+01
1.2500E-02 1.360E+01
1.2750E-02 1.283E+01
1.3000E-02 1.212E+01
1.3250E-02 1.146E+01
1.3500E-02 1.084E+01
1.3750E-02 1.027E+01
1.4000E-02 9.744E+00
1.4250E-02 9.249E+00
1.4500E-02 8.788E+00
1.4750E-02 8.358E+00
1.5000E-02 7.955E+00
1.5250E-02 7.578E+00
1.5500E-02 7.225E+00
1.5750E-02 6.894E+00
1.6000E-02 6.583E+00
1.6250E-02 6.291E+00
1.6500E-02 6.016E+00
1.6750E-02 5.757E+00
1.7000E-02 5.513E+00
1.7250E-02 5.283E+00
1.7500E-02 5.066E+00
1.7750E-02 4.861E+00
1.8000E-02 4.667E+00
1.8250E-02 4.484E+00
1.8500E-02 4.311E+00
1.8750E-02 4.146E+00
1.9000E-02 3.990E+00
1.9250E-02 3.842E+00
1.9500E-02 3.702E+00
1.9750E-02 3.569E+00
2.0000E-02 3.442E+00
2.0250E-02 3.321E+00
2.0500E-02 3.207E+00
2.0750E-02 3.097E+00
2.1000E-02 2.993E+00
2.1250E-02 2.894E+00
2.1500E-02 2.799E+00
2.1750E-02 2.709E+00
2.2000E-02 2.623E+00
2.2250E-02 2.540E+00
2.2500E-02 2.461E+00
2.2750E-02 2.386E+00
2.3000E-02 2.314E+00
2.3250E-02 2.245E+00
2.3500E-02 2.179E+00
2.3750E-02 2.115E+00
2.4000E-02 2.055E+00
2.4250E-02 1.996E+00
2.4500E-02 1.941E+00
2.4750E-02 1.887E+00
2.5000E-02 1.836E+00
2.5250E-02 1.786E+00
2.5500E-02 1.739E+00
2.5750E-02 1.693E+00
2.6000E-02 1.649E+00
2.6250E-02 1.607E+00
2.6500E-02 1.566E+00
2.6750E-02 1.527E+00
2.7000E-02 1.489E+00
2.7250E-02 1.453E+00
2.7500E-02 1.418E+00
2.7750E-02 1.384E+00
2.8000E-02 1.351E+00
2.8250E-02 1.320E+00
2.8500E-02 1.290E+00
2.8750E-02 1.260E+00
2.9000E-02 1.232E+00
2.9250E-02 1.205E+00
2.9500E-02 1.178E+00
2.9750E-02 1.153E+00
3.0000E-02 1.128E+00
3.0250E-02 1.104E+00
3.0500E-02 1.081E+00
3.0750E-02 1.059E+00
3.1000E-02 1.037E+00
3.1250E-02 1.017E+00
3.1500E-02 9.963E-01
3.1750E-02 9.766E-01
3.2000E-02 9.576E-01
3.2250E-02 9.392E-01
3.2500E-02 9.214E-01
3.2750E-02 9.041E-01
3.3000E-02 8.873E-01
3.3250E-02 8.710E-01
3.3500E-02 8.552E-01
3.3750E-02 8.399E-01
3.4000E-02 8.250E-01
3.4250E-02 8.105E-01
3.4500E-02 7.965E-01
3.4750E-02 7.829E-01
3.5000E-02 7.696E-01
3.5250E-02 7.567E-01
3.5500E-02 7.442E-01
3.5750E-02 7.321E-01
3.6000E-02 7.202E-01
3.6250E-02 7.087E-01
3.6500E-02 6.975E-01
3.6750E-02 6.866E-01
3.7000E-02 6.760E-01
3.7250E-02 6.657E-01
3.7500E-02 6.557E-01
3.7750E-02 6.459E-01
3.8000E-02 6.364E-01
3.8250E-02 6.271E-01
3.8500E-02 6.181E-01
3.8750E-02 6.093E-01
3.9000E-02 6.007E-01
3.9250E-02 5.923E-01
3.9500E-02 5.841E-01
3.9750E-02 5.762E-01
4.0000E-02 5.684E-01
4.0250E-02 5.609E-01
4.0500E-02 5.535E-01
4.0750E-02 5.463E-01
4.1000E-02 5.392E-01
4.1250E-02 5.324E-01
4.1500E-02 5.257E-01
4.1750E-02 5.191E-01
4.2000E-02 5.128E-01
4.2250E-02 5.065E-01
4.2500E-02 5.004E-01
4.2750E-02 4.945E-01
4.3000E-02 4.886E-01
4.3250E-02 4.830E-01
4.3500E-02 4.774E-01
4.3750E-02 4.720E-01
4.4000E-02 4.667E-01
4.4250E-02 4.615E-01
4.4500E-02 4.564E-01
4.4750E-02 4.514E-01
4.5000E-02 4.466E-01
4.5250E-02 4.418E-01
4.5500E-02 4.372E-01
4.5750E-02 4.326E-01
4.6000E-02 4.281E-01
4.6250E-02 4.238E-01
4.6500E-02 4.195E-01
4.6750E-02 4.153E-01
4.7000E-02 4.112E-01
4.7250E-02 4.072E-01
4.7500E-02 4.033E-01
4.7750E-02 3.995E-01
4.8000E-02 3.957E-01
4.8250E-02 3.920E-01
4.8500E-02 3.884E-01
4.8750E-02 3.848E-01
4.9000E-02 3.814E-01
4.9250E-02 3.780E-01
4.9500E-02 3.746E-01
4.9750E-02 3.713E-01
5.0000E-02 3.681E-01
5.0250E-02 3.650E-01
5.0500E-02 3.619E-01
5.0750E-02 3.589E-01
5.1000E-02 3.559E-01
5.1250E-02 3.530E-01
5.1500E-02 3.501E-01
5.1750E-02 3.473E-01
5.2000E-02 3.446E-01
5.2250E-02 3.419E-01
5.2500E-02 3.392E-01
5.2750E-02 3.366E-01
5.3000E-02 3.340E-01
5.3250E-02 3.315E-01
5.3500E-02 3.291E-01
5.3750E-02 3.266E-01
5.4000E-02 3.242E-01
5.4250E-02 3.219E-01
5.4500E-02 3.196E-01
5.4750E-02 3.174E-01
5.5000E-02 3.151E-01
5.5250E-02 3.130E-01
5.5500E-02 3.108E-01
5.5750E-02 3.087E-01
5.6000E-02 3.066E-01
5.6250E-02 3.046E-01
5.6500E-02 3.026E-01
5.6750E-02 3.006E-01
5.7000E-02 2.987E-01
5.7250E-02 2.968E-01
5.7500E-02 2.949E-01
5.7750E-02 2.931E-01
5.8000E-02 2.913E-01
5.8250E-02 2.895E-01
5.8500E-02 2.877E-01
5.8750E-02 2.860E-01
5.9000E-02 2.843E-01
5.9250E-02 2.827E-01
5.9500E-02 2.810E-01
5.9750E-02 2.794E-01
6.0000E-02 2.778E-01
6.0250E-02 2.762E-01
6.0500E-02 2.747E-01
6.0750E-02 2.732E-01
6.1000E-02 2.717E-01
6.1250E-02 2.702E-01
6.1500E-02 2.688E-01
6.1750E-02 2.673E-01
6.2000E-02 2.659E-01
6.2250E-02 2.645E-01
6.2500E-02 2.632E-01
6.2750E-02 2.618E-01
6.3000E-02 2.605E-01
6.3250E-02 2.592E-01
6.3500E-02 2.579E-01
6.3750E-02 2.567E-01
6.4000E-02 2.554E-01
6.4250E-02 2.542E-01
6.4500E-02 2.530E-01
6.4750E-02 2.518E-01
6.5000E-02 2.506E-01
6.5250E-02 2.494E-01
6.5500E-02 2.483E-01
6.5750E-02 2.471E-01
6.6000E-02 2.460E-01
6.6250E-02 2.449E-01
6.6500E-02 2.438E-01
6.6750E-02 2.428E-01
6.7000E-02 2.417E-01
6.7250E-02 2.407E-01
6.7500E-02 2.397E-01
6.7750E-02 2.386E-01
6.8000E-02 2.376E-01
6.8250E-02 2.367E-01
6.8500E-02 2.357E-01
6.8750E-02 2.347E-01
6.9000E-02 2.338E-01
6.9250E-02 2.328E-01
6.9500E-02 2.319E-01
6.9750E-02 2.310E-01
7.0000E-02 2.301E-01
7.0250E-02 2.292E-01
7.0500E-02 2.283E-01
7.0750E-02 2.275E-01
7.1000E-02 2.266E-01
7.1250E-02 2.258E-01
7.1500E-02 2.249E-01
7.1750E-02 2.241E-01
7.2000E-02 2.233E-01
7.2250E-02 2.225E-01
7.2500E-02 2.217E-01
7.2750E-02 2.209E-01
7.3000E-02 2.202E-01
7.3250E-02 2.194E-01
7.3500E-02 2.186E-01
7.3750E-02 2.179E-01
7.4000E-02 2.172E-01
7.4250E-02 2.164E-01
7.4500E-02 2.157E-01
7.4750E-02 2.150E-01
7.5000E-02 2.143E-01
7.5250E-02 2.136E-01
7.5500E-02 2.129E-01
7.5750E-02 2.122E-01
7.6000E-02 2.116E-01
7.6250E-02 2.109E-01
7.6500E-02 2.102E-01
7.6750E-02 2.096E-01
7.7000E-02 2.089E-01
7.7250E-02 2.083E-01
7.7500E-02 2.077E-01
7.7750E-02 2.071E-01
7.8000E-02 2.064E-01
7.8250E-02 2.058E-01
7.8500E-02 2.052E-01
7.8750E-02 2.046E-01
7.9000E-02 2.041E-01
7.9250E-02 2.035E-01
7.9500E-02 2.029E-01
7.9750E-02 2.023E-01
8.0000E-02 2.018E-01
8.0250E-02 2.012E-01
8.0500E-02 2.007E-01
8.0750E-02 2.001E-01
8.1000E-02 1.996E-01
8.1250E-02 1.990E-01
8.1500E-02 1.985E-01
8.1750E-02 1.980E-01
8.2000E-02 1.975E-01
8.2250E-02 1.970E-01
8.2500E-02 1.965E-01
8.2750E-02 1.960E-01
8.3000E-02 1.955E-01
8.3250E-02 1.950E-01
8.3500E-02 1.945E-01
8.3750E-02 1.940E-01
8.4000E-02 1.935E-01
8.4250E-02 1.931E-01
8.4500E-02 1.926E-01
8.4750E-02 1.921E-01
8.5000E-02 1.917E-01
8.5250E-02 1.912E-01
8.5500E-02 1.908E-01
8.5750E-02 1.903E-01
8.6000E-02 1.899E-01
8.6250E-02 1.894E-01
8.6500E-02 1.890E-01
8.6750E-02 1.886E-01
8.7000E-02 1.881E-01
8.7250E-02 1.877E-01
8.7500E-02 1.873E-01
8.7750E-02 1.869E-01
8.8000E-02 1.865E-01
8.8250E-02 1.861E-01
8.8500E-02 1.857E-01
8.8750E-02 1.853E-01
8.9000E-02 1.849E-01
8.9250E-02 1.845E-01
8.9500E-02 1.841E-01
8.9750E-02 1.837E-01
9.0000E-02 1.833E-01
9.0250E-02 1.830E-01
9.0500E-02 1.826E-01
9.0750E-02 1.822E-01
9.1000E-02 1.818E-01
9.1250E-02 1.815E-01
9.1500E-02 1.811E-01
9.1750E-02 1.808E-01
9.2000E-02 1.804E-01
9.2250E-02 1.800E-01
9.2500E-02 1.797E-01
9.2750E-02 1.794E-01
9.3000E-02 1.790E-01
9.3250E-02 1.787E-01
9.3500E-02 1.783E-01
9.3750E-02 1.780E-01
9.4000E-02 1.777E-01
9.4250E-02 1.773E-01
9.4500E-02 1.770E-01
9.4750E-02 1.767E-01
9.5000E-02 1.764E-01
9.5250E-02 1.760E-01
9.5500E-02 1.757E-01
9.5750E-02 1.754E-01
9.6000E-02 1.751E-01
9.6250E-02 1.748E-01
9.6500E-02 1.745E-01
9.6750E-02 1.742E-01
9.7000E-02 1.739E-01
9.7250E-02 1.736E-01
9.7500E-02 1.733E-01
9.7750E-02 1.730E-01
9.8000E-02 1.727E-01
9.8250E-02 1.724E-01
9.8500E-02 1.721E-01
9.8750E-02 1.718E-01
9.9000E-02 1.715E-01
9.9250E-02 1.713E-01
9.9500E-02 1.710E-01
9.9750E-02 1.707E-01
1.0000E-01 1.704E-01
1.0025E-01 1.701E-01
1.0050E-01 1.699E-01
1.0075E-01 1.696E-01
1.0100E-01 1.693E-01
1.0125E-01 1.691E-01
1.0150E-01 1.688E-01
1.0175E-01 1.685E-01
1.0200E-01 1.683E-01
1.0225E-01 1.680E-01
1.0250E-01 1.678E-01
1.0275E-01 1.675E-01
1.0300E-01 1.673E-01
1.0325E-01 1.670E-01
1.0350E-01 1.668E-01
1.0375E-01 1.665E-01
1.0400E-01 1.663E-01
1.0425E-01 1.660E-01
1.0450E-01 1.658E-01
1.0475E-01 1.655E-01
1.0500E-01 1.653E-01
1.0525E-01 1.651E-01
1.0550E-01 1.648E-01
1.0575E-01 1.646E-01
1.0600E-01 1.644E-01
1.0625E-01 1.641E-01
1.0650E-01 1.639E-01
1.0675E-01 1.637E-01
1.0700E-01 1.634E-01
1.0725E-01 1.632E-01
1.0750E-01 1.630E-01
1.0775E-01 1.628E-01
1.0800E-01 1.625E-01
1.0825E-01 1.623E-01
1.0850E-01 1.621E-01
1.0875E-01 1.619E-01
1.0900E-01 1.617E-01
1.0925E-01 1.615E-01
1.0950E-01 1.612E-01
1.0975E-01 1.610E-01
1.1000E-01 1.608E-01
1.1025E-01 1.606E-01
1.1050E-01 1.604E-01
1.1075E-01 1.602E-01
1.1100E-01 1.600E-01
1.1125E-01 1.598E-01
1.1150E-01 1.596E-01
1.1175E-01 1.594E-01
1.1200E-01 1.592E-01
1.1225E-01 1.590E-01
1.1250E-01 1.588E-01
1.1275E-01 1.586E-01
1.1300E-01 1.584E-01
1.1325E-01 1.582E-01
1.1350E-01 1.580E-01
1.1375E-01 1.578E-01
1.1400E-01 1.576E-01
1.1425E-01 1.574E-01
1.1450E-01 1.572E-01
1.1475E-01 1.571E-01
1.1500E-01 1.569E-01
1.1525E-01 1.567E-01
1.1550E-01 1.565E-01
1.1575E-01 1.563E-01
1.1600E-01 1.561E-01
1.1625E-01 1.559E-01
1.1650E-01 1.558E-01
1.1675E-01 1.556E-01
1.1700E-01 1.554E-01
1.1725E-01 1.552E-01
1.1750E-01 1.551E-01
1.1775E-01 1.549E-01
1.1800E-01 1.547E-01
1.1825E-01 1.545E-01
1.1850E-01 1.544E-01
1.1875E-01 1.542E-01
1.1900E-01 1.540E-01
1.1925E-01 1.538E-01
1.1950E-01 1.537E-01
1.1975E-01 1.535E-01
1.2000E-01 1.533E-01
1.2025E-01 1.532E-01
1.2050E-01 1.530E-01
1.2075E-01 1.528E-01
1.2100E-01 1.527E-01
1.2125E-01 1.525E-01
1.2150E-01 1.523E-01
1.2175E-01 1.522E-01
1.2200E-01 1.520E-01
1.2225E-01 1.519E-01
1.2250E-01 1.517E-01
1.2275E-01 1.515E-01
1.2300E-01 1.514E-01
1.2325E-01 1.512E-01
1.2350E-01 1.511E-01
1.2375E-01 1.509E-01
1.2400E-01 1.508E-01
1.2425E-01 1.506E-01
1.2450E-01 1.505E-01
1.2475E-01 1.503E-01
1.2500E-01 1.502E-01
1.2525E-01 1.500E-01
1.2550E-01 1.499E-01
1.2575E-01 1.497E-01
1.2600E-01 1.496E-01
1.2625E-01 1.494E-01
1.2650E-01 1.493E-01
1.2675E-01 1.491E-01
1.2700E-01 1.490E-01
1.2725E-01 1.488E-01
1.2750E-01 1.487E-01
1.2775E-01 1.485E-01
1.2800E-01 1.484E-01
1.2825E-01 1.482E-01
1.2850E-01 1.481E-01
1.2875E-01 1.480E-01
1.2900E-01 1.478E-01
1.2925E-01 1.477E-01
1.2950E-01 1.475E-01
1.2975E-01 1.474E-01
1.3000E-01 1.473E-01
1.3025E-01 1.471E-01
1.3050E-01 1.470E-01
1.3075E-01 1.469E-01
1.3100E-01 1.467E-01
1.3125E-01 1.466E-01
1.3150E-01 1.465E-01
1.3175E-01 1.463E-01
1.3200E-01 1.462E-01
1.3225E-01 1.461E-01
1.3250E-01 1.459E-01
1.3275E-01 1.458E-01
1.3300E-01 1.457E-01
1.3325E-01 1.455E-01
1.3350E-01 1.454E-01
1.3375E-01 1.453E-01
1.3400E-01 1.451E-01
1.3425E-01 1.450E-01
1.3450E-01 1.449E-01
1.3475E-01 1.448E-01
1.3500E-01 1.446E-01
1.3525E-01 1.445E-01
1.3550E-01 1.444E-01
1.3575E-01 1.443E-01
1.3600E-01 1.441E-01
1.3625E-01 1.440E-01
1.3650E-01 1.439E-01
1.3675E-01 1.438E-01
1.3700E-01 1.436E-01
1.3725E-01 1.435E-01
1.3750E-01 1.434E-01
1.3775E-01 1.433E-01
1.3800E-01 1.431E-01
1.3825E-01 1.430E-01
1.3850E-01 1.429E-01
1.3875E-01 1.428E-01
1.3900E-01 1.427E-01
1.3925E-01 1.425E-01
1.3950E-01 1.424E-01
1.3975E-01 1.423E-01
1.4000E-01 1.422E-01
1.4025E-01 1.421E-01
1.4050E-01 1.420E-01
1.4075E-01 1.418E-01
1.4100E-01 1.417E-01
1.4125E-01 1.416E-01
1.4150E-01 1.415E-01
1.4175E-01 1.414E-01
1.4200E-01 1.413E-01
1.4225E-01 1.412E-01
1.4250E-01 1.410E-01
1.4275E-01 1.409E-01
1.4300E-01 1.408E-01
1.4325E-01 1.407E-01
1.4350E-01 1.406E-01
1.4375E-01 1.405E-01
1.4400E-01 1.404E-01
1.4425E-01 1.403E-01
1.4450E-01 1.402E-01
1.4475E-01 1.401E-01
1.4500E-01 1.399E-01
1.4525E-01 1.398E-01
1.4550E-01 1.397E-01
1.4575E-01 1.396E-01
1.4600E-01 1.395E-01
1.4625E-01 1.394E-01
1.4650E-01 1.393E-01
1.4675E-01 1.392E-01
1.4700E-01 1.391E-01
1.4725E-01 1.390E-01
1.4750E-01 1.389E-01
1.4775E-01 1.388E-01
1.4800E-01 1.387E-01
1.4825E-01 1.386E-01
1.4850E-01 1.385E-01
1.4875E-01 1.384E-01
1.4900E-01 1.383E-01
1.4925E-01 1.382E-01
1.4950E-01 1.380E-01
1.4975E-01 1.379E-01
1.5000E-01 1.378E-01
1.5025E-01 1.377E-01
1.5050E-01 1.376E-01
1.5075E-01 1.375E-01
1.5100E-01 1.374E-01
1.5125E-01 1.373E-01
1.5150E-01 1.372E-01
1.5175E-01 1.371E-01
1.5200E-01 1.370E-01
1.5225E-01 1.369E-01
1.5250E-01 1.368E-01
1.5275E-01 1.368E-01
1.5300E-01 1.367E-01
1.5325E-01 1.366E-01
1.5350E-01 1.365E-01
1.5375E-01 1.364E-01
1.5400E-01 1.363E-01
