399
   0.0010000   3.6039495
   0.0010140   3.5195360
   0.0010280   3.4377441
   0.0010420   3.3588822
   0.0010570   3.2775164
   0.0010720   3.1992517
   0.0010870   3.1238954
   0.0011020   3.0512893
   0.0011170   2.9813702
   0.0011330   2.9095442
   0.0011490   2.8404405
   0.0011650   2.7737732
   0.0011810   2.7096088
   0.0011980   2.6440043
   0.0012140   2.5845358
   0.0012310   2.5233312
   0.0012490   2.4604280
   0.0012660   2.4032559
   0.0012840   2.3449507
   0.0013020   2.2888107
   0.0013200   2.2348492
   0.0013380   2.1828251
   0.0013570   2.1298382
   0.0013760   2.0781152
   0.0013950   2.0283914
   0.0014150   1.9779974
   0.0014340   1.9318962
   0.0014540   1.8852029
   0.0014750   1.8380345
   0.0014950   1.7948024
   0.0015160   1.7503421
   0.0015370   1.7073067
   0.0015590   1.6639594
   0.0015810   1.6222715
   0.0016030   1.5822388
   0.0016250   1.5437086
   0.0016480   1.5049044
   0.0016710   1.4675963
   0.0016940   1.4317356
   0.0017180   1.3957611
   0.0017420   1.3608245
   0.0017660   1.3267468
   0.0017910   1.2926596
   0.0018160   1.2598886
   0.0018410   1.2283767
   0.0018670   1.1968781
   0.0018930   1.1665839
   0.0019190   1.1374619
   0.0019460   1.1084050
   0.0019730   1.0804611
   0.0020010   1.0526218
   0.0020290   1.0254589
   0.0020570   0.9993317
   0.0020860   0.9733524
   0.0021150   0.9484037
   0.0021450   0.9236026
   0.0021750   0.8997543
   0.0022050   0.8768580
   0.0022360   0.8539302
   0.0022670   0.8318355
   0.0022990   0.8099259
   0.0023310   0.7889061
   0.0023630   0.7686786
   0.0023960   0.7486459
   0.0024300   0.7288114
   0.0024640   0.7096805
   0.0024980   0.6911541
   0.0025330   0.6728756
   0.0025690   0.6548294
   0.0026040   0.6379561
   0.0026410   0.6208507
   0.0026780   0.6044299
   0.0027150   0.5886413
   0.0027530   0.5729314
   0.0027920   0.5574692
   0.0028310   0.5426022
   0.0028700   0.5283130
   0.0029100   0.5142645
   0.0029510   0.5004295
   0.0029920   0.4871777
   0.0030340   0.4740143
   0.0030760   0.4613079
   0.0031190   0.4488450
   0.0031630   0.4365980
   0.0032070   0.4651350
   0.0032520   0.4530306
   0.0032970   0.4413956
   0.0033430   0.4299712
   0.0033900   0.4187605
   0.0034370   0.4079963
   0.0034850   0.3973869
   0.0035340   0.3869016
   0.0035830   0.3768307
   0.0036330   0.3669443
   0.0036840   0.3572459
   0.0037360   0.3477745
   0.0037880   0.3386617
   0.0038410   0.3297072
   0.0038940   0.3211099
   0.0039490   0.3125520
   0.0040040   0.3043308
   0.0040600   0.2961640
   0.0041170   0.2881964
   0.0041740   0.2805442
   0.0042330   0.2729461
   0.0042920   0.2656305
   0.0043520   0.2584812
   0.0044120   0.2516090
   0.0044740   0.2448032
   0.0045370   0.2380974
   0.0046000   0.2316529
   0.0046640   0.2253758
   0.0047290   0.2192550
   0.0047950   0.2132931
   0.0048620   0.2075002
   0.0049300   0.2018466
   0.0049990   0.1963408
   0.0050690   0.1909230
   0.0051400   0.1856592
   0.0052120   0.1805410
   0.0052840   0.1756256
   0.0053580   0.1707820
   0.0054330   0.1660693
   0.0055090   0.1614983
   0.0055860   0.1570576
   0.0056640   0.1527420
   0.0057430   0.1485440
   0.0058230   0.1444727
   0.0059050   0.1404678
   0.0059870   0.1366284
   0.0060710   0.1328163
   0.0061560   0.1291046
   0.0062420   0.1255024
   0.0063290   0.1220158
   0.0064170   0.1186325
   0.0065070   0.1153150
   0.0065980   0.1121013
   0.0066900   0.1089845
   0.0067830   0.1059642
   0.0068780   0.1030044
   0.0069740   0.1001230
   0.0070720   0.0972862
   0.0071700   0.0945659
   0.0072710   0.0918783
   0.0073720   0.0893060
   0.0074750   0.0867948
   0.0075800   0.0843356
   0.0076860   0.0819569
   0.0077930   0.0796564
   0.0079020   0.0774129
   0.0080120   0.0752405
   0.0081240   0.0730921
   0.0082380   0.0709976
   0.0083530   0.0689742
   0.0084690   0.0670201
   0.0085880   0.0651018
   0.0087080   0.0632449
   0.0088290   0.0614514
   0.0089530   0.0596902
   0.0090780   0.0579891
   0.0092040   0.0563445
   0.0093330   0.0547292
   0.0094630   0.0531722
   0.0095960   0.0516447
   0.0097300   0.0501723
   0.0098660   0.0487401
   0.0100030   0.0473561
   0.0101430   0.0459837
   0.0102850   0.0446509
   0.0104290   0.0433569
   0.0105740   0.0421099
   0.0107220   0.0408893
   0.0108720   0.0397048
   0.0110240   0.0385564
   0.0111780   0.0374412
   0.0113340   0.0363589
   0.0114920   0.0353089
   0.0116530   0.0342844
   0.0118150   0.0332977
   0.0119800   0.0323348
   0.0121480   0.0313970
   0.0123170   0.0304870
   0.0124900   0.0295908
   0.0126640   0.0287279
   0.0128410   0.0278876
   0.0130200   0.0270743
   0.0132020   0.0262830
   0.0133870   0.0255126
   0.0135740   0.0247676
   0.0137630   0.0240459
   0.0139560   0.0233410
   0.0141510   0.0226582
   0.0143480   0.0219984
   0.0145490   0.0213541
   0.0147520   0.0207311
   0.0149580   0.0201268
   0.0151670   0.0195358
   0.0153790   0.0189602
   0.0155940   0.0184023
   0.0158110   0.0178639
   0.0160320   0.0173389
   0.0162560   0.0168301
   0.0164830   0.0163362
   0.0167140   0.0158561
   0.0169470   0.0153925
   0.0171840   0.0149417
   0.0174240   0.0145028
   0.0176670   0.0140760
   0.0179140   0.0136612
   0.0181640   0.0132596
   0.0184180   0.0128696
   0.0186750   0.0124917
   0.0189360   0.0121249
   0.0192010   0.0117693
   0.0194690   0.0114249
   0.0197410   0.0110908
   0.0200170   0.0107663
   0.0202970   0.0104490
   0.0205800   0.0101421
   0.0208680   0.0098440
   0.0211590   0.0095559
   0.0214550   0.0092758
   0.0217540   0.0090054
   0.0220580   0.0087428
   0.0223660   0.0084884
   0.0226790   0.0082414
   0.0229960   0.0080023
   0.0233170   0.0077708
   0.0236430   0.0075464
   0.0239730   0.0073297
   0.0243080   0.0071191
   0.0246470   0.0069147
   0.0249920   0.0067151
   0.0253410   0.0065222
   0.0256950   0.0063357
   0.0260540   0.0061547
   0.0264180   0.0059796
   0.0267870   0.0058102
   0.0271610   0.0056463
   0.0275400   0.0054878
   0.0279250   0.0053342
   0.0283150   0.0051856
   0.0287110   0.0050420
   0.0291120   0.0049030
   0.0295190   0.0047685
   0.0299310   0.0046386
   0.0303490   0.0045124
   0.0307730   0.0043899
   0.0312030   0.0042715
   0.0316390   0.0041574
   0.0320810   0.0040470
   0.0325290   0.0039405
   0.0329830   0.0038378
   0.0334440   0.0037385
   0.0339110   0.0036428
   0.0343850   0.0035502
   0.0348660   0.0034609
   0.0353530   0.0033749
   0.0358460   0.0032922
   0.0363470   0.0032122
   0.0368550   0.0031352
   0.0373700   0.0030611
   0.0378920   0.0029900
   0.0384210   0.0029215
   0.0389580   0.0028555
   0.0395020   0.0027923
   0.0400540   0.0027316
   0.0406140   0.0026726
   0.0411810   0.0026164
   0.0417560   0.0025624
   0.0423400   0.0025107
   0.0429310   0.0024612
   0.0435310   0.0024140
   0.0441390   0.0023688
   0.0447550   0.0023259
   0.0453810   0.0022847
   0.0460150   0.0022458
   0.0466570   0.0022087
   0.0473090   0.0021734
   0.0479700   0.0021400
   0.0486400   0.0021084
   0.0493200   0.0020785
   0.0500090   0.0020504
   0.0507070   0.0020240
   0.0514160   0.0019990
   0.0521340   0.0019757
   0.0528620   0.0019539
   0.0536010   0.0019338
   0.0543490   0.0019152
   0.0551090   0.0018981
   0.0558790   0.0018825
   0.0566590   0.0018683
   0.0574510   0.0018556
   0.0582530   0.0018442
   0.0590670   0.0018343
   0.0598920   0.0018256
   0.0607290   0.0018183
   0.0615770   0.0018122
   0.0624370   0.0018075
   0.0633100   0.0018040
   0.0641940   0.0018018
   0.0650910   0.0018009
   0.0660000   0.0018011
   0.0669220   0.0018025
   0.0678570   0.0018051
   0.0688050   0.0018089
   0.0697660   0.0018139
   0.0707410   0.0018201
   0.0717290   0.0018273
   0.0727310   0.0018357
   0.0737470   0.0018453
   0.0747770   0.0018558
   0.0758220   0.0018676
   0.0768810   0.0018804
   0.0779550   0.0018942
   0.0790440   0.0019092
   0.0801480   0.0019253
   0.0812680   0.0019423
   0.0824030   0.0019605
   0.0835550   0.0019797
   0.0847220   0.0019999
   0.0859050   0.0020212
   0.0871050   0.0020435
   0.0883220   0.0020669
   0.0895560   0.0020912
   0.0908070   0.0021167
   0.0920760   0.0021431
   0.0933620   0.0021705
   0.0946660   0.0021990
   0.0959890   0.0022285
   0.0973300   0.0022591
   0.0986890   0.0022906
   0.1000680   0.0023232
   0.1014660   0.0023568
   0.1028830   0.0023915
   0.1043210   0.0024272
   0.1057780   0.0024639
   0.1072560   0.0025017
   0.1087540   0.0025405
   0.1102730   0.0025802
   0.1118140   0.0026210
   0.1133760   0.0026629
   0.1149590   0.0027058
   0.1165650   0.0027498
   0.1181940   0.0027948
   0.1198450   0.0028408
   0.1215190   0.0028880
   0.1232170   0.0029362
   0.1249380   0.0029855
   0.1266830   0.0030359
   0.1284530   0.0030874
   0.1302470   0.0031397
   0.1320670   0.0031934
   0.1339120   0.0032482
   0.1357830   0.0033040
   0.1376800   0.0033610
   0.1396030   0.0034190
   0.1415530   0.0034782
   0.1435310   0.0035384
   0.1455360   0.0035999
   0.1475690   0.0036625
   0.1496300   0.0037262
   0.1517210   0.0037912
   0.1538400   0.0038572
   0.1559890   0.0039245
   0.1581680   0.0039930
   0.1603780   0.0040627
   0.1626180   0.0041334
   0.1648900   0.0042055
   0.1671930   0.0042787
   0.1695290   0.0043532
   0.1718970   0.0044289
   0.1742990   0.0045059
   0.1767340   0.0045841
   0.1792020   0.0046635
   0.1817060   0.0047444
   0.1842440   0.0048264
   0.1868180   0.0049099
   0.1894280   0.0049945
   0.1920740   0.0050805
   0.1947570   0.0051677
   0.1974780   0.0052563
   0.2002370   0.0053464
   0.2030340   0.0054376
   0.2058700   0.0055303
   0.2087460   0.0056245
   0.2116620   0.0057198
   0.2146190   0.0058167
   0.2176180   0.0059151
   0.2206580   0.0060146
   0.2237400   0.0061156
   0.2268660   0.0062181
   0.2300350   0.0063223
   0.2332480   0.0064277
   0.2365070   0.0065347
   0.2398110   0.0066430
   0.2431610   0.0067529
   0.2465580   0.0068643
   0.2500020   0.0069772
