2000
0.00100000 3.487834E+00
0.00100497 3.459033E+00
0.00100996 3.430495E+00
0.00101497 3.402225E+00
0.00102002 3.374099E+00
0.00102508 3.346291E+00
0.00103017 3.318685E+00
0.00103529 3.291283E+00
0.00104043 3.264107E+00
0.00104560 3.237186E+00
0.00105079 3.210409E+00
0.00105601 3.183800E+00
0.00106125 3.157385E+00
0.00106653 3.131146E+00
0.00107182 3.105207E+00
0.00107715 3.079439E+00
0.00108249 3.053941E+00
0.00108787 3.028591E+00
0.00109327 3.003480E+00
0.00109870 2.978489E+00
0.00110416 2.953398E+00
0.00110964 2.928396E+00
0.00111516 2.903527E+00
0.00112069 2.878967E+00
0.00112626 2.854614E+00
0.00113185 2.830377E+00
0.00113747 2.806479E+00
0.00114312 2.782724E+00
0.00114880 2.759054E+00
0.00115451 2.735712E+00
0.00116024 2.712576E+00
0.00116600 2.689630E+00
0.00117179 2.666854E+00
0.00117761 2.644091E+00
0.00118346 2.621493E+00
0.00118934 2.599110E+00
0.00119525 2.576915E+00
0.00120118 2.554941E+00
0.00120715 2.533138E+00
0.00121314 2.511536E+00
0.00121917 2.490084E+00
0.00122522 2.468848E+00
0.00123131 2.447759E+00
0.00123742 2.426883E+00
0.00124357 2.406178E+00
0.00124975 2.385628E+00
0.00125595 2.364992E+00
0.00126219 2.344519E+00
0.00126846 2.324203E+00
0.00127476 2.304106E+00
0.00128109 2.284186E+00
0.00128745 2.264388E+00
0.00129385 2.244793E+00
0.00130027 2.225401E+00
0.00130673 2.206115E+00
0.00131322 2.187038E+00
0.00131974 2.168119E+00
0.00132630 2.149320E+00
0.00133289 2.130728E+00
0.00133950 2.112315E+00
0.00134616 2.093998E+00
0.00135284 2.075891E+00
0.00135956 2.057888E+00
0.00136631 2.040134E+00
0.00137310 2.022452E+00
0.00137992 2.004948E+00
0.00138677 1.987605E+00
0.00139366 1.970342E+00
0.00140058 1.953297E+00
0.00140754 1.936118E+00
0.00141453 1.919067E+00
0.00142155 1.902258E+00
0.00142861 1.885535E+00
0.00143571 1.868951E+00
0.00144284 1.852524E+00
0.00145001 1.836185E+00
0.00145721 1.820108E+00
0.00146444 1.804113E+00
0.00147172 1.788253E+00
0.00147903 1.772532E+00
0.00148637 1.756950E+00
0.00149375 1.741527E+00
0.00150117 1.726173E+00
0.00150863 1.710693E+00
0.00151612 1.695409E+00
0.00152365 1.680232E+00
0.00153122 1.665159E+00
0.00153882 1.650300E+00
0.00154647 1.635550E+00
0.00155415 1.620896E+00
0.00156187 1.606429E+00
0.00156962 1.592059E+00
0.00157742 1.577809E+00
0.00158525 1.563666E+00
0.00159313 1.549692E+00
0.00160104 1.535834E+00
0.00160899 1.522056E+00
0.00161698 1.508512E+00
0.00162501 1.495019E+00
0.00163308 1.481648E+00
0.00164119 1.468370E+00
0.00164934 1.455251E+00
0.00165753 1.442189E+00
0.00166577 1.429336E+00
0.00167404 1.416566E+00
0.00168235 1.403858E+00
0.00169071 1.391294E+00
0.00169911 1.378803E+00
0.00170755 1.366491E+00
0.00171603 1.354271E+00
0.00172455 1.342169E+00
0.00173311 1.330193E+00
0.00174172 1.318302E+00
0.00175037 1.306491E+00
0.00175906 1.294587E+00
0.00176780 1.282827E+00
0.00177658 1.271132E+00
0.00178540 1.259535E+00
0.00179427 1.248060E+00
0.00180318 1.236686E+00
0.00181214 1.225406E+00
0.00182114 1.214254E+00
0.00183018 1.203184E+00
0.00183927 1.192243E+00
0.00184841 1.181366E+00
0.00185759 1.170614E+00
0.00186681 1.159995E+00
0.00187608 1.149378E+00
0.00188540 1.138838E+00
0.00189477 1.128417E+00
0.00190418 1.118173E+00
0.00191363 1.108015E+00
0.00192314 1.097865E+00
0.00193269 1.087818E+00
0.00194229 1.077838E+00
0.00195193 1.067998E+00
0.00196163 1.058167E+00
0.00197137 1.048504E+00
0.00198116 1.038998E+00
0.00199100 1.029406E+00
0.00200089 1.020024E+00
0.00201083 1.010607E+00
0.00202081 1.001227E+00
0.00203085 9.919448E-01
0.00204094 9.827750E-01
0.00205107 9.737581E-01
0.00206126 9.647363E-01
0.00207150 9.557751E-01
0.00208178 9.468784E-01
0.00209212 9.381561E-01
0.00210251 9.295291E-01
0.00211296 9.208826E-01
0.00212345 9.123034E-01
0.00213400 9.039198E-01
0.00214460 8.955361E-01
0.00215525 8.871782E-01
0.00216595 8.789966E-01
0.00217671 8.708703E-01
0.00218752 8.627825E-01
0.00219838 8.548465E-01
0.00220930 8.468688E-01
0.00222027 8.388977E-01
0.00223130 8.310261E-01
0.00224238 8.231542E-01
0.00225352 8.154257E-01
0.00226471 8.078307E-01
0.00227596 8.002512E-01
0.00228726 7.927493E-01
0.00229862 7.852573E-01
0.00231004 7.779613E-01
0.00232151 7.706601E-01
0.00233304 7.634061E-01
0.00234463 7.561605E-01
0.00235627 7.490941E-01
0.00236798 7.421043E-01
0.00237974 7.351311E-01
0.00239156 7.282213E-01
0.00240343 7.214181E-01
0.00241537 7.146509E-01
0.00242737 7.079235E-01
0.00243942 7.012631E-01
0.00245154 6.947093E-01
0.00246371 6.881705E-01
0.00247595 6.817496E-01
0.00248824 6.752914E-01
0.00250060 6.690451E-01
0.00251302 6.626285E-01
0.00252550 6.562609E-01
0.00253805 6.499695E-01
0.00255065 6.437968E-01
0.00256332 6.375679E-01
0.00257605 6.314715E-01
0.00258884 6.255257E-01
0.00260170 6.195768E-01
0.00261462 6.136586E-01
0.00262761 6.077529E-01
0.00264066 6.019147E-01
0.00265377 5.962078E-01
0.00266695 5.905583E-01
0.00268020 5.848443E-01
0.00269351 5.792633E-01
0.00270689 5.735884E-01
0.00272033 5.682233E-01
0.00273384 5.628186E-01
0.00274742 5.574570E-01
0.00276106 5.521022E-01
0.00277478 5.467945E-01
0.00278856 5.415630E-01
0.00280241 5.364092E-01
0.00281633 5.312933E-01
0.00283031 5.261754E-01
0.00284437 5.211855E-01
0.00285850 5.162123E-01
0.00287269 5.112975E-01
0.00288696 5.064255E-01
0.00290130 5.015582E-01
0.00291571 4.967734E-01
0.00293019 4.920343E-01
0.00294474 4.873089E-01
0.00295937 4.826262E-01
0.00297406 4.779786E-01
0.00298884 4.734103E-01
0.00300368 4.688559E-01
0.00301860 4.643488E-01
0.00303359 4.598342E-01
0.00304866 4.553555E-01
0.00306380 4.509593E-01
0.00307901 4.465404E-01
0.00309430 4.421909E-01
0.00310967 4.379141E-01
0.00312512 4.336620E-01
0.00314064 4.294611E-01
0.00315624 4.252803E-01
0.00317191 4.211223E-01
0.00318766 4.170607E-01
0.00320350 4.477904E-01
0.00321941 4.496568E-01
0.00323540 4.477864E-01
0.00325146 4.442160E-01
0.00326761 4.398796E-01
0.00328384 4.354443E-01
0.00330015 4.312625E-01
0.00331654 4.272763E-01
0.00333301 4.233814E-01
0.00334957 4.195286E-01
0.00336620 4.156758E-01
0.00338292 4.117874E-01
0.00339972 4.078884E-01
0.00341661 4.040010E-01
0.00343357 4.001758E-01
0.00345063 3.963682E-01
0.00346777 3.926257E-01
0.00348499 3.889447E-01
0.00350230 3.852624E-01
0.00351969 3.816028E-01
0.00353717 3.779730E-01
0.00355474 3.743642E-01
0.00357239 3.707970E-01
0.00359014 3.672564E-01
0.00360797 3.637213E-01
0.00362588 3.602401E-01
0.00364389 3.567617E-01
0.00366199 3.533274E-01
0.00368018 3.499493E-01
0.00369846 3.465788E-01
0.00371682 3.432640E-01
0.00373528 3.399473E-01
0.00375383 3.366770E-01
0.00377248 3.334400E-01
0.00379121 3.302237E-01
0.00381004 3.270667E-01
0.00382897 3.238932E-01
0.00384798 3.207625E-01
0.00386709 3.176789E-01
0.00388630 3.146597E-01
0.00390560 3.116465E-01
0.00392500 3.086741E-01
0.00394449 3.056898E-01
0.00396408 3.027817E-01
0.00398377 2.998833E-01
0.00400355 2.969902E-01
0.00402344 2.941262E-01
0.00404342 2.912661E-01
0.00406350 2.884451E-01
0.00408368 2.856620E-01
0.00410397 2.829003E-01
0.00412435 2.801532E-01
0.00414483 2.774304E-01
0.00416542 2.747485E-01
0.00418610 2.720903E-01
0.00420690 2.694394E-01
0.00422779 2.668367E-01
0.00424879 2.642427E-01
0.00426989 2.616959E-01
0.00429109 2.591576E-01
0.00431241 2.566441E-01
0.00433382 2.541561E-01
0.00435535 2.516920E-01
0.00437698 2.492421E-01
0.00439872 2.468323E-01
0.00442056 2.444403E-01
0.00444252 2.420679E-01
0.00446458 2.397354E-01
0.00448676 2.374149E-01
0.00450904 2.350920E-01
0.00453143 2.327945E-01
0.00455394 2.305104E-01
0.00457656 2.282595E-01
0.00459929 2.260293E-01
0.00462213 2.238163E-01
0.00464508 2.216388E-01
0.00466815 2.194658E-01
0.00469134 2.173358E-01
0.00471464 2.152126E-01
0.00473805 2.131146E-01
0.00476158 2.110326E-01
0.00478523 2.089647E-01
0.00480900 2.069265E-01
0.00483288 2.048973E-01
0.00485689 2.028951E-01
0.00488101 2.009116E-01
0.00490525 1.989425E-01
0.00492961 1.970099E-01
0.00495409 1.950795E-01
0.00497870 1.931775E-01
0.00500342 1.912843E-01
0.00502827 1.894053E-01
0.00505325 1.875254E-01
0.00507834 1.856702E-01
0.00510357 1.838361E-01
0.00512891 1.820211E-01
0.00515439 1.802220E-01
0.00517999 1.784487E-01
0.00520571 1.766895E-01
0.00523157 1.749425E-01
0.00525755 1.732141E-01
0.00528366 1.715154E-01
0.00530990 1.698190E-01
0.00533627 1.681371E-01
0.00536278 1.664798E-01
0.00538941 1.648258E-01
0.00541618 1.632067E-01
0.00544308 1.616004E-01
0.00547011 1.600080E-01
0.00549728 1.584242E-01
0.00552458 1.568522E-01
0.00555202 1.552903E-01
0.00557959 1.537483E-01
0.00560730 1.522187E-01
0.00563515 1.506972E-01
0.00566314 1.492087E-01
0.00569126 1.477239E-01
0.00571953 1.462556E-01
0.00574794 1.447984E-01
0.00577648 1.433663E-01
0.00580517 1.419379E-01
0.00583400 1.405182E-01
0.00586298 1.391262E-01
0.00589210 1.377407E-01
0.00592136 1.363737E-01
0.00595077 1.350158E-01
0.00598032 1.336713E-01
0.00601002 1.323284E-01
0.00603987 1.310064E-01
0.00606987 1.296942E-01
0.00610002 1.283899E-01
0.00613031 1.271015E-01
0.00616076 1.258284E-01
0.00619136 1.245589E-01
0.00622211 1.233095E-01
0.00625301 1.220742E-01
0.00628406 1.208418E-01
0.00631527 1.196275E-01
0.00634664 1.184227E-01
0.00637816 1.172283E-01
0.00640984 1.160657E-01
0.00644167 1.148967E-01
0.00647366 1.137427E-01
0.00650581 1.126009E-01
0.00653813 1.114682E-01
0.00657060 1.103517E-01
0.00660323 1.092391E-01
0.00663603 1.081433E-01
0.00666898 1.070610E-01
0.00670210 1.059834E-01
0.00673539 1.049207E-01
0.00676884 1.038713E-01
0.00680246 1.028237E-01
0.00683624 1.017903E-01
0.00687020 1.007711E-01
0.00690432 9.975504E-02
0.00693861 9.875628E-02
0.00697307 9.776407E-02
0.00700770 9.677730E-02
0.00704250 9.579622E-02
0.00707748 9.482328E-02
0.00711263 9.385370E-02
0.00714796 9.290929E-02
0.00718346 9.196370E-02
0.00721913 9.103201E-02
0.00725499 9.011265E-02
0.00729102 8.919582E-02
0.00732723 8.829670E-02
0.00736362 8.739963E-02
0.00740019 8.650947E-02
0.00743695 8.562845E-02
0.00747388 8.476571E-02
0.00751100 8.390298E-02
0.00754830 8.304911E-02
0.00758579 8.220719E-02
0.00762347 8.137245E-02
0.00766133 8.054383E-02
0.00769938 7.972677E-02
0.00773762 7.891660E-02
0.00777605 7.811717E-02
0.00781467 7.732432E-02
0.00785348 7.653905E-02
0.00789248 7.575710E-02
0.00793168 7.498827E-02
0.00797107 7.422553E-02
0.00801066 7.346799E-02
0.00805045 7.271724E-02
0.00809043 7.196619E-02
0.00813061 7.122691E-02
0.00817099 7.049962E-02
0.00821157 6.977356E-02
0.00825236 6.906024E-02
0.00829334 6.834855E-02
0.00833453 6.764998E-02
0.00837593 6.695683E-02
0.00841752 6.626664E-02
0.00845933 6.559113E-02
0.00850134 6.491991E-02
0.00854357 6.424888E-02
0.00858600 6.359201E-02
0.00862864 6.294460E-02
0.00867149 6.229959E-02
0.00871456 6.166497E-02
0.00875784 6.103118E-02
0.00880134 6.040617E-02
0.00884505 5.979131E-02
0.00888898 5.918174E-02
0.00893313 5.857643E-02
0.00897749 5.797888E-02
0.00902208 5.738030E-02
0.00906689 5.678645E-02
0.00911192 5.620341E-02
0.00915717 5.561920E-02
0.00920265 5.504444E-02
0.00924836 5.447617E-02
0.00929429 5.391631E-02
0.00934045 5.335804E-02
0.00938684 5.280802E-02
0.00943346 5.225946E-02
0.00948031 5.172237E-02
0.00952739 5.118846E-02
0.00957471 5.066086E-02
0.00962227 5.013816E-02
0.00967005 4.962312E-02
0.00971808 4.910552E-02
0.00976635 4.859471E-02
0.00981485 4.809503E-02
0.00986360 4.759936E-02
0.00991258 4.710456E-02
0.00996181 4.661973E-02
0.01001129 4.614100E-02
0.01006101 4.565950E-02
0.01011098 4.518417E-02
0.01016120 4.471359E-02
0.01021166 4.424898E-02
0.01026238 4.378860E-02
0.01031335 4.333708E-02
0.01036457 4.288387E-02
0.01041604 4.243887E-02
0.01046777 4.199803E-02
0.01051976 4.156168E-02
0.01057201 4.112612E-02
0.01062452 4.069914E-02
0.01067728 4.027533E-02
0.01073031 3.985614E-02
0.01078360 3.944276E-02
0.01083716 3.903152E-02
0.01089098 3.862309E-02
0.01094507 3.822315E-02
0.01099943 3.782454E-02
0.01105406 3.743192E-02
0.01110896 3.704247E-02
0.01116413 3.665079E-02
0.01121958 3.626740E-02
0.01127530 3.588749E-02
0.01133130 3.551573E-02
0.01138758 3.514416E-02
0.01144414 3.477452E-02
0.01150097 3.441012E-02
0.01155809 3.404882E-02
0.01161550 3.369525E-02
0.01167318 3.334279E-02
0.01173116 3.299382E-02
0.01178942 3.264669E-02
0.01184798 3.230865E-02
0.01190682 3.196892E-02
0.01196595 3.163498E-02
0.01202538 3.130610E-02
0.01208511 3.097950E-02
0.01214513 3.065223E-02
0.01220545 3.033488E-02
0.01226607 3.001823E-02
0.01232698 2.970511E-02
0.01238821 2.939410E-02
0.01244973 2.908683E-02
0.01251156 2.878295E-02
0.01257370 2.847799E-02
0.01263615 2.818020E-02
0.01269891 2.788634E-02
0.01276198 2.758969E-02
0.01282536 2.729933E-02
0.01288906 2.700893E-02
0.01295307 2.672464E-02
0.01301740 2.644282E-02
0.01308205 2.616620E-02
0.01314703 2.588892E-02
0.01321232 2.561864E-02
0.01327794 2.534880E-02
0.01334389 2.507928E-02
0.01341016 2.481551E-02
0.01347676 2.455623E-02
0.01354369 2.429721E-02
0.01361096 2.404318E-02
0.01367856 2.378931E-02
0.01374649 2.353929E-02
0.01381476 2.329070E-02
0.01388337 2.304710E-02
0.01395233 2.280378E-02
0.01402162 2.256494E-02
0.01409126 2.232700E-02
0.01416124 2.209064E-02
0.01423158 2.185631E-02
0.01430226 2.162752E-02
0.01437329 2.139727E-02
0.01444467 2.117158E-02
0.01451641 2.094722E-02
0.01458851 2.072731E-02
0.01466096 2.050817E-02
0.01473378 2.029136E-02
0.01480695 2.007718E-02
0.01488049 1.986602E-02
0.01495440 1.965656E-02
0.01502867 1.944653E-02
0.01510331 1.924183E-02
0.01517832 1.903620E-02
0.01525370 1.883214E-02
0.01532946 1.863248E-02
0.01540559 1.843250E-02
0.01548211 1.823670E-02
0.01555900 1.804361E-02
0.01563627 1.785185E-02
0.01571393 1.766010E-02
0.01579197 1.747356E-02
0.01587040 1.728523E-02
0.01594922 1.710281E-02
0.01602844 1.692190E-02
0.01610804 1.674170E-02
0.01618804 1.656411E-02
0.01626844 1.638924E-02
0.01634924 1.621509E-02
0.01643044 1.604541E-02
0.01651204 1.587492E-02
0.01659405 1.570808E-02
0.01667646 1.554147E-02
0.01675928 1.537910E-02
0.01684252 1.521796E-02
0.01692617 1.505769E-02
0.01701023 1.490064E-02
0.01709471 1.474413E-02
0.01717961 1.458833E-02
0.01726494 1.443376E-02
0.01735068 1.428223E-02
0.01743686 1.413245E-02
0.01752346 1.398229E-02
0.01761049 1.383367E-02
0.01769795 1.368723E-02
0.01778585 1.354109E-02
0.01787418 1.339730E-02
0.01796295 1.325553E-02
0.01805217 1.311514E-02
0.01814182 1.297730E-02
0.01823192 1.283747E-02
0.01832247 1.270255E-02
0.01841347 1.256794E-02
0.01850492 1.243508E-02
0.01859683 1.230480E-02
0.01868919 1.217241E-02
0.01878201 1.204397E-02
0.01887529 1.191621E-02
0.01896903 1.179164E-02
0.01906324 1.166572E-02
0.01915792 1.154327E-02
0.01925307 1.142037E-02
0.01934869 1.129963E-02
0.01944479 1.118007E-02
0.01954136 1.106272E-02
0.01963841 1.094684E-02
0.01973595 1.083144E-02
0.01983397 1.071640E-02
0.01993247 1.060353E-02
0.02003147 1.049164E-02
0.02013095 1.038082E-02
0.02023093 1.027126E-02
0.02033141 1.016315E-02
0.02043239 1.005507E-02
0.02053386 9.949173E-03
0.02063585 9.843722E-03
0.02073833 9.741216E-03
0.02084133 9.637598E-03
0.02094484 9.536624E-03
0.02104886 9.436394E-03
0.02115340 9.336672E-03
0.02125846 9.237984E-03
0.02136404 9.140823E-03
0.02147015 9.044251E-03
0.02157678 8.949502E-03
0.02168394 8.855776E-03
0.02179163 8.763416E-03
0.02189986 8.671185E-03
0.02200863 8.579900E-03
0.02211793 8.490125E-03
0.02222778 8.400428E-03
0.02233818 8.312224E-03
0.02244912 8.224134E-03
0.02256061 8.137773E-03
0.02267266 8.053008E-03
0.02278527 7.967629E-03
0.02289843 7.885415E-03
0.02301215 7.802977E-03
0.02312644 7.721849E-03
0.02324130 7.640296E-03
0.02335673 7.560716E-03
0.02347273 7.482299E-03
0.02358931 7.403763E-03
0.02370647 7.327144E-03
0.02382420 7.251722E-03
0.02394253 7.175915E-03
0.02406144 7.101490E-03
0.02418094 7.028036E-03
0.02430103 6.954758E-03
0.02442173 6.883778E-03
0.02454302 6.811206E-03
0.02466491 6.740020E-03
0.02478741 6.671035E-03
0.02491052 6.602260E-03
0.02503423 6.534469E-03
0.02515857 6.465481E-03
0.02528352 6.398491E-03
0.02540909 6.331866E-03
0.02553528 6.266396E-03
0.02566210 6.202751E-03
0.02578956 6.138393E-03
0.02591764 6.074030E-03
0.02604636 6.011426E-03
0.02617572 5.949860E-03
0.02630572 5.888249E-03
0.02643637 5.828522E-03
0.02656767 5.768620E-03
0.02669961 5.709081E-03
0.02683222 5.650613E-03
0.02696548 5.592823E-03
0.02709941 5.535585E-03
0.02723399 5.479023E-03
0.02736925 5.423414E-03
0.02750518 5.368825E-03
0.02764179 5.315440E-03
0.02777907 5.261698E-03
0.02791704 5.209627E-03
0.02805569 5.157876E-03
0.02819502 5.106429E-03
0.02833506 5.056424E-03
0.02847578 5.005723E-03
0.02861721 4.956388E-03
0.02875934 4.907939E-03
0.02890217 4.859802E-03
0.02904571 4.811968E-03
0.02918997 4.764495E-03
0.02933494 4.717800E-03
0.02948063 4.671835E-03
0.02962705 4.626234E-03
0.02977419 4.581677E-03
0.02992207 4.536977E-03
0.03007067 4.493570E-03
0.03022002 4.449021E-03
0.03037011 4.405162E-03
0.03052094 4.362237E-03
0.03067252 4.319878E-03
0.03082486 4.278236E-03
0.03097795 4.236296E-03
0.03113180 4.195347E-03
0.03128642 4.155681E-03
0.03144181 4.114862E-03
0.03159796 4.075500E-03
0.03175489 4.037092E-03
0.03191260 3.998942E-03
0.03207110 3.960191E-03
0.03223038 3.922882E-03
0.03239045 3.886209E-03
0.03255132 3.849420E-03
0.03271299 3.813734E-03
0.03287546 3.778350E-03
0.03303873 3.742636E-03
0.03320282 3.708186E-03
0.03336772 3.673619E-03
0.03353344 3.639953E-03
0.03369999 3.606840E-03
0.03386736 3.573653E-03
0.03403556 3.541465E-03
0.03420460 3.509108E-03
0.03437448 3.477303E-03
0.03454520 3.445965E-03
0.03471677 3.414837E-03
0.03488919 3.384353E-03
0.03506247 3.354315E-03
0.03523661 3.324514E-03
0.03541161 3.295133E-03
0.03558748 3.265977E-03
0.03576423 3.237349E-03
0.03594185 3.208768E-03
0.03612036 3.180946E-03
0.03629975 3.153335E-03
0.03648003 3.126135E-03
0.03666121 3.099352E-03
0.03684329 3.073097E-03
0.03702627 3.046867E-03
0.03721016 3.021022E-03
0.03739497 2.995469E-03
0.03758069 2.970524E-03
0.03776733 2.945909E-03
0.03795491 2.922125E-03
0.03814341 2.897144E-03
0.03833285 2.873512E-03
0.03852323 2.850442E-03
0.03871456 2.827868E-03
0.03890683 2.804555E-03
0.03910006 2.782230E-03
0.03929425 2.760491E-03
0.03948941 2.738254E-03
0.03968553 2.717474E-03
0.03988263 2.696181E-03
0.04008071 2.675589E-03
0.04027977 2.654688E-03
0.04047982 2.634299E-03
0.04068087 2.614970E-03
0.04088291 2.594921E-03
0.04108595 2.575423E-03
0.04129001 2.556305E-03
0.04149507 2.537617E-03
0.04170116 2.519167E-03
0.04190827 2.501113E-03
0.04211641 2.483338E-03
0.04232558 2.465575E-03
0.04253579 2.448022E-03
0.04274704 2.431573E-03
0.04295935 2.414318E-03
0.04317271 2.397794E-03
0.04338712 2.381424E-03
0.04360261 2.365924E-03
0.04381916 2.349948E-03
0.04403679 2.334328E-03
0.04425550 2.319177E-03
0.04447529 2.304119E-03
0.04469618 2.289459E-03
0.04491816 2.275113E-03
0.04514125 2.260725E-03
0.04536545 2.246854E-03
0.04559075 2.233029E-03
0.04581718 2.219392E-03
0.04604473 2.206541E-03
0.04627341 2.193065E-03
0.04650323 2.180561E-03
0.04673419 2.168115E-03
0.04696630 2.155896E-03
0.04719955 2.143754E-03
0.04743397 2.131788E-03
0.04766955 2.120155E-03
0.04790630 2.108548E-03
0.04814423 2.097915E-03
0.04838334 2.086522E-03
0.04862364 2.075779E-03
0.04886513 2.065776E-03
0.04910782 2.055491E-03
0.04935171 2.045190E-03
0.04959682 2.035086E-03
0.04984314 2.025694E-03
0.05009069 2.016373E-03
0.05033946 2.007143E-03
0.05058947 1.998051E-03
0.05084073 1.989307E-03
0.05109323 1.980903E-03
0.05134698 1.972269E-03
0.05160200 1.964299E-03
0.05185828 1.956423E-03
0.05211584 1.948805E-03
0.05237467 1.941290E-03
0.05263479 1.933699E-03
0.05289620 1.926262E-03
0.05315891 1.919490E-03
0.05342293 1.912555E-03
0.05368825 1.905946E-03
0.05395489 1.899698E-03
0.05422286 1.893632E-03
0.05449216 1.887236E-03
0.05476280 1.881451E-03
0.05503478 1.876040E-03
0.05530811 1.870304E-03
0.05558280 1.864941E-03
0.05585885 1.859762E-03
0.05613627 1.854657E-03
0.05641507 1.850031E-03
0.05669526 1.845609E-03
0.05697684 1.841058E-03
0.05725981 1.837100E-03
0.05754420 1.832655E-03
0.05782999 1.828842E-03
0.05811720 1.824948E-03
0.05840584 1.821395E-03
0.05869592 1.818249E-03
0.05898743 1.815082E-03
0.05928039 1.812042E-03
0.05957481 1.809634E-03
0.05987069 1.806856E-03
0.06016804 1.804272E-03
0.06046686 1.801434E-03
0.06076717 1.799721E-03
0.06106897 1.797246E-03
0.06137227 1.795266E-03
0.06167708 1.793699E-03
0.06198340 1.792068E-03
0.06229124 1.790521E-03
0.06260061 1.789070E-03
0.06291152 1.788105E-03
0.06322397 1.787223E-03
0.06353797 1.786656E-03
0.06385353 1.785644E-03
0.06417066 1.785252E-03
0.06448937 1.785066E-03
0.06480965 1.784914E-03
0.06513153 1.784782E-03
0.06545501 1.785348E-03
0.06578009 1.785539E-03
0.06610679 1.785965E-03
0.06643511 1.786815E-03
0.06676506 1.787843E-03
0.06709665 1.788672E-03
0.06742989 1.789797E-03
0.06776478 1.791082E-03
0.06810133 1.792273E-03
0.06843956 1.794244E-03
0.06877946 1.795713E-03
0.06912106 1.797962E-03
0.06946435 1.799890E-03
0.06980934 1.801833E-03
0.07015605 1.804182E-03
0.07050448 1.806563E-03
0.07085465 1.809174E-03
0.07120655 1.811902E-03
0.07156019 1.814906E-03
0.07191560 1.817647E-03
0.07227277 1.821039E-03
0.07263171 1.824392E-03
0.07299244 1.827597E-03
0.07335496 1.831471E-03
0.07371927 1.834863E-03
0.07408540 1.838662E-03
0.07445335 1.842961E-03
0.07482312 1.847017E-03
0.07519473 1.851217E-03
0.07556819 1.855229E-03
0.07594350 1.859869E-03
0.07632067 1.864551E-03
0.07669972 1.869646E-03
0.07708065 1.874337E-03
0.07746347 1.879162E-03
0.07784820 1.884169E-03
0.07823483 1.889541E-03
0.07862338 1.894981E-03
0.07901387 1.901120E-03
0.07940629 1.906458E-03
0.07980066 1.912413E-03
0.08019699 1.918745E-03
0.08059529 1.924716E-03
0.08099557 1.930876E-03
0.08139784 1.937503E-03
0.08180210 1.944226E-03
0.08220837 1.950559E-03
0.08261666 1.957404E-03
0.08302698 1.964559E-03
0.08343933 1.971580E-03
0.08385373 1.978932E-03
0.08427020 1.986035E-03
0.08468872 1.993687E-03
0.08510933 2.001351E-03
0.08553203 2.008790E-03
0.08595682 2.016792E-03
0.08638373 2.024959E-03
0.08681276 2.032917E-03
0.08724391 2.041351E-03
0.08767721 2.049513E-03
0.08811266 2.058158E-03
0.08855027 2.066729E-03
0.08899006 2.075516E-03
0.08943203 2.084338E-03
0.08987619 2.093524E-03
0.09032257 2.102872E-03
0.09077115 2.112208E-03
0.09122197 2.121278E-03
0.09167503 2.130849E-03
0.09213033 2.140472E-03
0.09258790 2.150713E-03
0.09304774 2.160269E-03
0.09350986 2.170254E-03
0.09397428 2.180364E-03
0.09444100 2.191211E-03
0.09491004 2.201685E-03
0.09538142 2.211885E-03
0.09585513 2.222987E-03
0.09633119 2.233479E-03
0.09680962 2.244957E-03
0.09729043 2.255761E-03
0.09777362 2.267037E-03
0.09825922 2.278333E-03
0.09874722 2.289953E-03
0.09923765 2.301724E-03
0.09973052 2.313720E-03
0.10022583 2.325369E-03
0.10072360 2.337740E-03
0.10122385 2.349724E-03
0.10172658 2.361967E-03
0.10223181 2.374430E-03
0.10273954 2.386786E-03
0.10324980 2.399622E-03
0.10376259 2.412386E-03
0.10427793 2.425526E-03
0.10479583 2.438815E-03
0.10531630 2.452135E-03
0.10583935 2.465122E-03
0.10636500 2.478585E-03
0.10689327 2.492364E-03
0.10742415 2.505829E-03
0.10795768 2.519580E-03
0.10849385 2.533483E-03
0.10903269 2.547987E-03
0.10957420 2.561717E-03
0.11011840 2.576571E-03
0.11066530 2.591124E-03
0.11121492 2.605344E-03
0.11176728 2.620409E-03
0.11232237 2.635376E-03
0.11288022 2.650365E-03
0.11344084 2.665666E-03
0.11400425 2.681351E-03
0.11457045 2.696428E-03
0.11513946 2.712338E-03
0.11571131 2.727778E-03
0.11628599 2.743549E-03
0.11686352 2.759706E-03
0.11744393 2.775302E-03
0.11802721 2.792135E-03
0.11861340 2.807911E-03
0.11920249 2.824776E-03
0.11979451 2.841335E-03
0.12038948 2.858032E-03
0.12098739 2.875115E-03
0.12158828 2.891947E-03
0.12219215 2.909001E-03
0.12279902 2.926379E-03
0.12340890 2.943807E-03
0.12402181 2.961753E-03
0.12463777 2.979930E-03
0.12525678 2.997659E-03
0.12587887 3.015593E-03
0.12650405 3.034093E-03
0.12713233 3.051956E-03
0.12776374 3.070515E-03
0.12839828 3.088978E-03
0.12903597 3.107487E-03
0.12967683 3.126356E-03
0.13032087 3.145443E-03
0.13096811 3.164470E-03
0.13161857 3.183662E-03
0.13227225 3.202887E-03
0.13292918 3.222559E-03
0.13358938 3.242085E-03
0.13425285 3.262534E-03
0.13491962 3.282079E-03
0.13558970 3.302750E-03
0.13626311 3.322415E-03
0.13693986 3.342953E-03
0.13761997 3.363653E-03
0.13830346 3.384091E-03
0.13899035 3.405183E-03
0.13968065 3.426079E-03
0.14037437 3.446990E-03
0.14107154 3.468111E-03
0.14177218 3.489614E-03
0.14247629 3.511207E-03
0.14318390 3.533048E-03
0.14389503 3.554786E-03
0.14460968 3.576607E-03
0.14532789 3.598743E-03
0.14604966 3.621313E-03
0.14677502 3.643795E-03
0.14750398 3.666258E-03
0.14823656 3.688827E-03
0.14897278 3.711873E-03
0.14971265 3.735262E-03
0.15045620 3.757920E-03
0.15120345 3.781627E-03
0.15195440 3.804742E-03
0.15270908 3.828055E-03
0.15346751 3.852080E-03
0.15422971 3.876179E-03
0.15499570 3.900208E-03
0.15576548 3.923970E-03
0.15653910 3.948826E-03
0.15731655 3.973842E-03
0.15809786 3.997865E-03
0.15888306 4.022470E-03
0.15967215 4.047619E-03
0.16046517 4.072240E-03
0.16126212 4.097625E-03
0.16206303 4.123090E-03
0.16286792 4.148684E-03
0.16367680 4.175035E-03
0.16448971 4.199998E-03
0.16530665 4.226115E-03
0.16612765 4.252250E-03
0.16695272 4.278284E-03
0.16778189 4.305004E-03
0.16861518 4.331328E-03
0.16945261 4.358172E-03
0.17029420 4.385124E-03
0.17113997 4.412284E-03
0.17198994 4.439519E-03
0.17284413 4.467107E-03
0.17370256 4.494587E-03
0.17456526 4.522058E-03
0.17543224 4.550460E-03
0.17630352 4.578787E-03
0.17717914 4.606641E-03
0.17805910 4.634990E-03
0.17894343 4.663367E-03
0.17983216 4.692196E-03
0.18072530 4.721074E-03
0.18162287 4.750138E-03
0.18252490 4.779207E-03
0.18343142 4.808940E-03
0.18434243 4.838074E-03
0.18525797 4.868020E-03
0.18617806 4.898152E-03
0.18710271 4.927939E-03
0.18803196 4.957952E-03
0.18896582 4.988860E-03
0.18990432 5.019342E-03
0.19084749 5.049860E-03
0.19179533 5.080851E-03
0.19274789 5.112110E-03
0.19370517 5.142611E-03
0.19466721 5.174074E-03
0.19563403 5.205786E-03
0.19660565 5.238067E-03
0.19758209 5.269807E-03
0.19856339 5.301819E-03
0.19954955 5.333507E-03
0.20054062 5.366677E-03
0.20153661 5.398970E-03
0.20253754 5.431613E-03
0.20354345 5.464864E-03
0.20455435 5.498265E-03
0.20557027 5.531017E-03
0.20659124 5.564365E-03
0.20761727 5.597900E-03
0.20864841 5.631545E-03
0.20968466 5.666702E-03
0.21072606 5.700023E-03
0.21177264 5.734223E-03
0.21282441 5.769015E-03
0.21388140 5.803594E-03
0.21494365 5.838215E-03
0.21601117 5.873716E-03
0.21708399 5.908960E-03
0.21816214 5.944023E-03
0.21924565 5.979782E-03
0.22033453 6.015823E-03
0.22142883 6.052381E-03
0.22252856 6.087870E-03
0.22363375 6.123667E-03
0.22474443 6.161132E-03
0.22586062 6.196857E-03
0.22698236 6.234063E-03
0.22810967 6.271443E-03
0.22924258 6.308299E-03
0.23038112 6.345636E-03
0.23152531 6.383194E-03
0.23267518 6.420868E-03
0.23383077 6.458694E-03
0.23499209 6.496679E-03
0.23615918 6.536059E-03
0.23733207 6.574386E-03
0.23851078 6.613281E-03
0.23969535 6.651324E-03
0.24088580 6.690808E-03
0.24208216 6.730064E-03
0.24328447 6.769195E-03
0.24449274 6.809721E-03
0.24570702 6.849918E-03
0.24692733 6.889974E-03
0.24815369 6.930625E-03
0.24938615 6.970475E-03
0.25062473 7.011285E-03
0.25186946 7.052589E-03
0.25312038 7.093002E-03
0.25437750 7.134385E-03
0.25564087 7.176462E-03
0.25691051 7.216826E-03
0.25818646 7.258951E-03
0.25946875 7.301846E-03
0.26075741 7.344011E-03
0.26205246 7.386278E-03
0.26335395 7.429327E-03
0.26466190 7.472136E-03
0.26597634 7.514953E-03
0.26729732 7.558366E-03
0.26862486 7.601370E-03
0.26995898 7.645456E-03
0.27129974 7.689496E-03
0.27264715 7.733477E-03
0.27400126 7.777627E-03
0.27536209 7.822476E-03
0.27672968 7.866276E-03
0.27810406 7.912024E-03
0.27948527 7.956860E-03
0.28087333 8.001983E-03
0.28226830 8.046595E-03
0.28367018 8.092906E-03
0.28507904 8.139582E-03
0.28649488 8.185422E-03
0.28791777 8.232209E-03
0.28934771 8.277671E-03
0.29078476 8.324737E-03
0.29222895 8.371961E-03
0.29368031 8.418954E-03
0.29513887 8.466498E-03
0.29660468 8.514350E-03
0.29807778 8.562981E-03
0.29955818 8.610907E-03
0.30104594 8.659205E-03
0.30254109 8.708234E-03
0.30404367 8.756493E-03
0.30555370 8.805218E-03
0.30707124 8.855482E-03
0.30859631 8.904626E-03
0.31012896 8.954425E-03
0.31166922 9.003502E-03
0.31321713 9.054067E-03
0.31477272 9.104987E-03
0.31633605 9.155512E-03
0.31790713 9.206260E-03
0.31948602 9.257346E-03
0.32107276 9.307935E-03
0.32266737 9.359828E-03
0.32426990 9.409788E-03
0.32588039 9.462447E-03
0.32749888 9.514901E-03
0.32912541 9.566451E-03
0.33076001 9.619274E-03
0.33240274 9.673187E-03
0.33405362 9.726058E-03
0.33571270 9.779344E-03
0.33738002 9.832961E-03
0.33905562 9.887008E-03
0.34073955 9.941162E-03
0.34243183 9.995621E-03
0.34413253 1.004776E-02
0.34584167 1.010288E-02
0.34755929 1.015745E-02
0.34928545 1.021354E-02
0.35102018 1.026746E-02
0.35276353 1.032278E-02
0.35451553 1.037833E-02
0.35627624 1.043450E-02
0.35804569 1.049072E-02
0.35982393 1.054746E-02
0.36161100 1.060436E-02
0.36340694 1.066295E-02
0.36521181 1.071799E-02
0.36702564 1.077539E-02
0.36884847 1.083282E-02
0.37068037 1.089056E-02
0.37252135 1.095015E-02
0.37437149 1.100824E-02
0.37623081 1.106508E-02
0.37809936 1.112491E-02
0.37997720 1.118426E-02
0.38186436 1.124300E-02
0.38376089 1.130241E-02
0.38566685 1.136305E-02
0.38758227 1.142245E-02
0.38950720 1.148260E-02
0.39144169 1.154351E-02
0.39338579 1.160438E-02
0.39533955 1.166576E-02
0.39730301 1.172703E-02
0.39927622 1.178769E-02
0.40125923 1.184924E-02
0.40325209 1.191164E-02
0.40525484 1.197399E-02
0.40726755 1.203475E-02
0.40929024 1.209938E-02
0.41132299 1.216146E-02
0.41336583 1.222582E-02
0.41541882 1.228944E-02
0.41748200 1.235233E-02
0.41955543 1.241585E-02
0.42163916 1.248101E-02
0.42373323 1.254616E-02
0.42583771 1.261043E-02
0.42795264 1.267553E-02
0.43007807 1.273977E-02
0.43221406 1.280535E-02
0.43436066 1.287204E-02
0.43651791 1.293720E-02
0.43868589 1.300383E-02
0.44086462 1.306979E-02
0.44305418 1.313739E-02
0.44525462 1.320345E-02
0.44746598 1.327050E-02
0.44968833 1.333865E-02
0.45192171 1.340744E-02
0.45416618 1.347422E-02
0.45642181 1.354236E-02
0.45868863 1.361100E-02
0.46096671 1.367918E-02
0.46325611 1.374843E-02
0.46555688 1.381696E-02
0.46786907 1.388769E-02
0.47019275 1.395685E-02
0.47252797 1.402666E-02
0.47487479 1.409717E-02
0.47723326 1.416723E-02
0.47960344 1.424010E-02
0.48198540 1.431067E-02
0.48437919 1.438277E-02
0.48678486 1.445365E-02
0.48920248 1.452552E-02
0.49163212 1.459838E-02
0.49407381 1.467047E-02
0.49652764 1.474362E-02
0.49899365 1.481777E-02
0.50147191 1.489013E-02
0.50396247 1.496358E-02
0.50646541 1.503905E-02
0.50898078 1.511277E-02
0.51150863 1.518618E-02
0.51404905 1.526151E-02
0.51660208 1.533764E-02
0.51916779 1.541295E-02
0.52174624 1.549061E-02
0.52433750 1.556648E-02
0.52694163 1.564073E-02
0.52955870 1.571764E-02
0.53218876 1.579346E-02
0.53483188 1.587171E-02
0.53748813 1.594946E-02
0.54015757 1.602629E-02
0.54284027 1.610432E-02
0.54553629 1.618300E-02
0.54824570 1.626109E-02
0.55096857 1.634029E-02
0.55370497 1.641959E-02
0.55645495 1.649838E-02
0.55921859 1.657657E-02
0.56199596 1.665579E-02
0.56478712 1.673634E-02
0.56759214 1.681554E-02
0.57041109 1.689697E-02
0.57324405 1.697796E-02
0.57609107 1.705741E-02
0.57895223 1.714051E-02
0.58182761 1.722177E-02
0.58471726 1.730211E-02
0.58762127 1.738448E-02
0.59053970 1.747073E-02
0.59347262 1.755180E-02
0.59642011 1.763501E-02
0.59938224 1.771722E-02
0.60235908 1.780094E-02
0.60535070 1.788547E-02
0.60835718 1.796949E-02
0.61137860 1.805437E-02
0.61441502 1.813828E-02
0.61746652 1.822336E-02
0.62053317 1.830883E-02
0.62361506 1.839440E-02
0.62671225 1.848127E-02
0.62982482 1.856518E-02
0.63295286 1.865199E-02
0.63609643 1.874080E-02
0.63925561 1.882793E-02
0.64243048 1.891489E-02
0.64562112 1.900239E-02
0.64882760 1.909110E-02
0.65205001 1.917960E-02
0.65528843 1.926863E-02
0.65854293 1.935824E-02
0.66181359 1.944717E-02
0.66510049 1.953790E-02
0.66840372 1.962561E-02
0.67172336 1.971673E-02
0.67505948 1.980505E-02
0.67841217 1.989547E-02
0.68178152 1.998829E-02
0.68516759 2.007445E-02
0.68857049 2.016920E-02
0.69199028 2.025998E-02
0.69542706 2.035143E-02
0.69888091 2.044318E-02
0.70235191 2.053667E-02
0.70584015 2.063061E-02
0.70934571 2.072112E-02
0.71286869 2.081539E-02
0.71640916 2.090896E-02
0.71996721 2.100463E-02
0.72354294 2.109919E-02
0.72713642 2.119326E-02
0.73074776 2.129002E-02
0.73437702 2.138286E-02
0.73802432 2.147825E-02
0.74168973 2.157331E-02
0.74537334 2.166868E-02
0.74907524 2.176595E-02
0.75279553 2.186414E-02
0.75653430 2.196112E-02
0.76029164 2.205935E-02
0.76406764 2.215817E-02
0.76786239 2.225484E-02
0.77167599 2.235168E-02
0.77550853 2.244912E-02
0.77936010 2.254728E-02
0.78323080 2.264759E-02
0.78712073 2.274640E-02
0.79102997 2.284563E-02
0.79495863 2.294561E-02
0.79890681 2.304546E-02
0.80287459 2.314511E-02
0.80686207 2.324753E-02
0.81086937 2.334900E-02
0.81489656 2.345130E-02
0.81894375 2.355307E-02
0.82301105 2.365488E-02
0.82709854 2.375603E-02
0.83120634 2.385692E-02
0.83533453 2.396313E-02
0.83948323 2.406539E-02
0.84365254 2.416725E-02
0.84784255 2.427362E-02
0.85205337 2.437394E-02
0.85628510 2.448262E-02
0.86053786 2.458456E-02
0.86481173 2.469103E-02
0.86910683 2.479841E-02
0.87342326 2.490210E-02
0.87776112 2.500877E-02
0.88212054 2.511428E-02
0.88650160 2.521980E-02
0.89090442 2.532779E-02
0.89532911 2.543782E-02
0.89977577 2.554177E-02
0.90424452 2.564743E-02
0.90873546 2.575297E-02
0.91324871 2.586231E-02
0.91778437 2.596934E-02
0.92234256 2.607846E-02
0.92692338 2.618854E-02
0.93152696 2.629707E-02
0.93615340 2.640660E-02
0.94080282 2.651601E-02
0.94547533 2.662557E-02
0.95017104 2.673650E-02
0.95489008 2.684858E-02
0.95963255 2.695860E-02
0.96439858 2.707433E-02
0.96918828 2.718223E-02
0.97400177 2.729105E-02
0.97883916 2.740431E-02
0.98370058 2.751660E-02
0.98858614 2.762958E-02
0.99349596 2.774147E-02
0.99843017 2.785537E-02
1.00338889 2.796847E-02
1.00837223 2.808134E-02
1.01338033 2.819814E-02
1.01841329 2.831100E-02
1.02347126 2.842693E-02
1.02855434 2.853933E-02
1.03366267 2.865790E-02
1.03879637 2.877263E-02
1.04395556 2.888796E-02
1.04914038 2.900848E-02
1.05435095 2.911971E-02
1.05958740 2.923782E-02
1.06484985 2.935676E-02
1.07013844 2.947562E-02
1.07545330 2.958935E-02
1.08079455 2.970952E-02
1.08616233 2.982536E-02
1.09155677 2.994311E-02
1.09697800 3.006811E-02
1.10242616 3.018144E-02
1.10790137 3.030145E-02
1.11340378 3.041892E-02
1.11893351 3.054026E-02
1.12449071 3.066355E-02
1.13007551 3.078266E-02
1.13568804 3.090580E-02
1.14132845 3.102278E-02
1.14699687 3.114728E-02
1.15269345 3.126679E-02
1.15841831 3.138845E-02
1.16417161 3.151191E-02
1.16995349 3.163641E-02
1.17576407 3.175874E-02
1.18160352 3.188319E-02
1.18747197 3.200380E-02
1.19336957 3.212792E-02
1.19929645 3.225183E-02
1.20525277 3.237723E-02
1.21123868 3.250213E-02
1.21725431 3.262625E-02
1.22329982 3.274843E-02
1.22937535 3.287525E-02
1.23548106 3.300351E-02
1.24161709 3.312687E-02
1.24778360 3.325281E-02
1.25398073 3.338149E-02
1.26020864 3.350955E-02
1.26646749 3.363606E-02
1.27275741 3.376232E-02
1.27907858 3.389087E-02
1.28543114 3.401751E-02
1.29181525 3.414602E-02
1.29823107 3.427825E-02
1.30467875 3.440838E-02
1.31115845 3.453495E-02
1.31767034 3.466579E-02
1.32421456 3.479615E-02
1.33079129 3.492373E-02
1.33740068 3.506156E-02
1.34404290 3.518748E-02
1.35071811 3.532002E-02
1.35742647 3.545065E-02
1.36416814 3.558329E-02
1.37094330 3.571746E-02
1.37775211 3.584810E-02
1.38459473 3.598470E-02
1.39147134 3.611769E-02
1.39838210 3.624830E-02
1.40532718 3.638236E-02
1.41230676 3.651627E-02
1.41932100 3.664657E-02
1.42637007 3.678693E-02
1.43345416 3.692113E-02
1.44057343 3.705720E-02
1.44772805 3.719544E-02
1.45491821 3.732811E-02
1.46214408 3.746767E-02
1.46940584 3.760044E-02
1.47670366 3.773308E-02
1.48403773 3.787068E-02
1.49140822 3.801000E-02
1.49881532 3.814776E-02
1.50625921 3.828491E-02
1.51374006 3.842373E-02
1.52125807 3.856649E-02
1.52881342 3.870669E-02
1.53640629 3.884567E-02
1.54403687 3.898894E-02
1.55170535 3.912976E-02
1.55941192 3.926612E-02
1.56715676 3.940902E-02
1.57494006 3.954723E-02
1.58276202 3.969049E-02
1.59062283 3.983569E-02
1.59852268 3.997393E-02
1.60646176 4.011734E-02
1.61444027 4.026076E-02
1.62245841 4.040725E-02
1.63051637 4.054757E-02
1.63861435 4.069261E-02
1.64675255 4.083772E-02
1.65493117 4.098842E-02
1.66315041 4.113182E-02
1.67141047 4.127281E-02
1.67971155 4.142437E-02
1.68805386 4.157060E-02
1.69643760 4.171977E-02
1.70486298 4.186544E-02
1.71333020 4.200991E-02
1.72183948 4.216098E-02
1.73039101 4.231105E-02
1.73898502 4.246465E-02
1.74762171 4.260679E-02
1.75630130 4.275761E-02
1.76502399 4.290844E-02
1.77379001 4.306048E-02
1.78259956 4.320666E-02
1.79145286 4.335458E-02
1.80035014 4.350877E-02
1.80929160 4.365796E-02
1.81827747 4.381604E-02
1.82730797 4.397025E-02
1.83638331 4.412281E-02
1.84550374 4.427221E-02
1.85466945 4.443016E-02
1.86388069 4.458459E-02
1.87313768 4.473584E-02
1.88244064 4.489401E-02
1.89178981 4.504503E-02
1.90118541 4.520144E-02
1.91062767 4.535888E-02
1.92011683 4.551665E-02
1.92965311 4.567382E-02
1.93923676 4.582842E-02
1.94886800 4.598682E-02
1.95854708 4.614666E-02
1.96827423 4.630124E-02
1.97804969 4.646118E-02
1.98787370 4.662039E-02
1.99774650 4.678362E-02
2.00766833 4.694439E-02
2.01763944 4.710790E-02
2.02766007 4.726329E-02
2.03773047 4.743245E-02
2.04785089 4.758714E-02
2.05802157 4.774990E-02
2.06824276 4.791146E-02
2.07851471 4.807983E-02
2.08883768 4.823861E-02
2.09921192 4.840200E-02
2.10963768 4.856926E-02
2.12011522 4.873789E-02
2.13064480 4.889839E-02
2.14122668 4.906364E-02
2.15186111 4.923000E-02
2.16254835 4.939997E-02
2.17328868 4.956332E-02
2.18408234 4.973362E-02
2.19492962 4.990395E-02
2.20583076 5.007491E-02
2.21678605 5.024019E-02
2.22779575 5.041103E-02
2.23886012 5.058588E-02
2.24997945 5.075549E-02
2.26115400 5.092556E-02
2.27238405 5.109243E-02
2.28366988 5.127158E-02
2.29501175 5.144326E-02
2.30640996 5.161645E-02
2.31786477 5.178374E-02
2.32937648 5.195572E-02
2.34094536 5.212709E-02
2.35257169 5.230816E-02
2.36425577 5.248178E-02
2.37599788 5.265551E-02
2.38779830 5.283228E-02
2.39965733 5.300782E-02
2.41157526 5.318577E-02
2.42355238 5.336183E-02
2.43558898 5.354035E-02
2.44768537 5.371792E-02
2.45984183 5.389349E-02
2.47205866 5.408492E-02
2.48433617 5.426257E-02
2.49667466 5.444135E-02
2.50907443 5.462225E-02
2.52153578 5.480641E-02
2.53405902 5.498451E-02
2.54664446 5.516539E-02
2.55929240 5.535210E-02
2.57200316 5.553124E-02
2.58477704 5.571607E-02
2.59761437 5.590369E-02
2.61051546 5.608970E-02
2.62348061 5.627676E-02
2.63651017 5.646519E-02
2.64960443 5.664535E-02
2.66276372 5.683521E-02
2.67598837 5.702304E-02
2.68927870 5.721361E-02
2.70263504 5.740598E-02
2.71605771 5.759215E-02
2.72954705 5.778148E-02
2.74310338 5.797503E-02
2.75672703 5.815980E-02
2.77041835 5.835011E-02
2.78417767 5.854828E-02
2.79800533 5.874339E-02
2.81190166 5.894056E-02
2.82586700 5.912842E-02
2.83990171 5.932268E-02
2.85400612 5.951553E-02
2.86818057 5.971154E-02
2.88242543 5.991637E-02
2.89674103 6.010963E-02
2.91112773 6.031173E-02
2.92558589 6.050912E-02
2.94011585 6.071386E-02
2.95471797 6.090526E-02
2.96939261 6.110918E-02
2.98414014 6.131448E-02
2.99896091 6.151599E-02
3.01385529 6.171824E-02
3.02882364 6.191780E-02
3.04386633 6.212234E-02
3.05898373 6.233626E-02
3.07417621 6.254068E-02
3.08944415 6.274631E-02
3.10478791 6.294732E-02
3.12020788 6.315843E-02
3.13570444 6.335649E-02
3.15127795 6.356128E-02
3.16692881 6.377640E-02
3.18265741 6.398409E-02
3.19846412 6.419608E-02
3.21434933 6.440850E-02
3.23031344 6.461910E-02
3.24635683 6.483156E-02
3.26247990 6.505234E-02
3.27868305 6.526239E-02
3.29496667 6.547384E-02
3.31133117 6.569123E-02
3.32777693 6.590183E-02
3.34430438 6.611983E-02
3.36091391 6.633848E-02
3.37760593 6.655414E-02
3.39438086 6.677620E-02
3.41123909 6.699782E-02
3.42818106 6.721667E-02
3.44520716 6.744022E-02
3.46231783 6.766146E-02
3.47951347 6.788846E-02
3.49679452 6.811375E-02
3.51416140 6.833003E-02
3.53161452 6.856161E-02
3.54915433 6.878439E-02
3.56678125 6.900484E-02
3.58449572 6.924525E-02
3.60229816 6.946401E-02
3.62018902 6.969607E-02
3.63816874 6.991464E-02
3.65623775 7.015955E-02
3.67439650 7.038795E-02
3.69264544 7.061779E-02
3.71098501 7.085114E-02
3.72941566 7.108205E-02
3.74793785 7.132152E-02
3.76655203 7.155674E-02
3.78525866 7.179961E-02
3.80405820 7.203249E-02
3.82295110 7.227752E-02
3.84193784 7.251528E-02
3.86101887 7.275568E-02
3.88019467 7.300489E-02
3.89946571 7.324726E-02
3.91883246 7.348425E-02
3.93829539 7.372359E-02
3.95785498 7.398100E-02
3.97751172 7.421230E-02
3.99726608 7.445642E-02
4.01711856 7.471405E-02
4.03706963 7.496349E-02
4.05711978 7.521019E-02
4.07726952 7.545821E-02
4.09751933 7.571302E-02
4.11786972 7.595777E-02
4.13832117 7.621271E-02
4.15887419 7.645925E-02
4.17952930 7.671922E-02
4.20028698 7.697498E-02
4.22114776 7.722994E-02
4.24211214 7.749209E-02
4.26318065 7.774313E-02
4.28435379 7.800054E-02
4.30563209 7.826746E-02
4.32701607 7.852417E-02
4.34850625 7.878791E-02
4.37010316 7.904740E-02
4.39180733 7.931314E-02
4.41361930 7.958573E-02
4.43553960 7.984945E-02
4.45756876 8.011511E-02
4.47970733 8.038978E-02
4.50195586 8.065507E-02
4.52431488 8.091468E-02
4.54678495 8.119030E-02
4.56936661 8.146433E-02
4.59206043 8.172840E-02
4.61486696 8.201891E-02
4.63778675 8.228743E-02
4.66082038 8.256442E-02
4.68396840 8.284605E-02
4.70723139 8.312606E-02
4.73060992 8.340461E-02
4.75410455 8.367936E-02
4.77771587 8.396384E-02
4.80144446 8.425654E-02
4.82529090 8.453934E-02
4.84925577 8.482328E-02
4.87333966 8.511285E-02
4.89754316 8.539056E-02
4.92186687 8.569447E-02
4.94631139 8.597838E-02
4.97087731 8.627193E-02
4.99556523 8.657111E-02
5.02037577 8.687055E-02
5.04530953 8.716280E-02
5.07036713 8.746908E-02
5.09554917 8.776364E-02
5.12085628 8.806866E-02
5.14628908 8.836473E-02
5.17184819 8.867380E-02
5.19753424 8.896903E-02
5.22334786 8.926831E-02
5.24928968 8.958232E-02
5.27536035 8.988682E-02
5.30156049 9.019247E-02
5.32789076 9.050917E-02
5.35435180 9.081914E-02
5.38094426 9.113098E-02
5.40766879 9.145370E-02
5.43452604 9.175133E-02
5.46151668 9.207027E-02
5.48864138 9.240034E-02
5.51590079 9.272665E-02
5.54329558 9.304014E-02
5.57082643 9.336058E-02
5.59849401 9.368630E-02
5.62629900 9.401346E-02
5.65424209 9.434557E-02
5.68232395 9.466891E-02
5.71054529 9.499798E-02
5.73890678 9.533749E-02
5.76740914 9.566514E-02
5.79605305 9.599510E-02
5.82483922 9.633286E-02
5.85376836 9.667416E-02
5.88284117 9.701155E-02
5.91205838 9.734098E-02
5.94142069 9.768711E-02
5.97092884 9.803068E-02
6.00058353 9.837824E-02
6.03038551 9.872600E-02
6.06033549 9.906702E-02
6.09043423 9.941995E-02
6.12068245 9.976547E-02
6.15108089 1.001007E-01
6.18163032 1.004766E-01
6.21233146 1.008362E-01
6.24318509 1.011913E-01
6.27419195 1.015452E-01
6.30535280 1.019129E-01
6.33666842 1.022838E-01
6.36813956 1.026368E-01
6.39976701 1.030065E-01
6.43155153 1.033715E-01
6.46349392 1.037439E-01
6.49559494 1.041120E-01
6.52785540 1.044866E-01
6.56027607 1.048545E-01
6.59285777 1.052381E-01
6.62560128 1.056113E-01
6.65850742 1.059879E-01
6.69157698 1.063916E-01
6.72481078 1.067697E-01
6.75820964 1.071456E-01
6.79177438 1.075366E-01
6.82550581 1.079234E-01
6.85940477 1.083073E-01
6.89347209 1.087020E-01
6.92770861 1.091029E-01
6.96211517 1.094905E-01
6.99669260 1.098758E-01
7.03144176 1.102862E-01
7.06636351 1.106831E-01
7.10145869 1.111010E-01
7.13672818 1.114866E-01
7.17217283 1.119140E-01
7.20779352 1.123012E-01
7.24359112 1.127202E-01
7.27956651 1.131291E-01
7.31572057 1.135460E-01
7.35205419 1.139612E-01
7.38856826 1.143751E-01
7.42526368 1.147940E-01
7.46214135 1.152181E-01
7.49920217 1.156450E-01
7.53644705 1.160656E-01
7.57387691 1.164960E-01
7.61149267 1.169277E-01
7.64929524 1.173584E-01
7.68728557 1.177975E-01
7.72546457 1.182288E-01
7.76383319 1.186700E-01
7.80239236 1.191212E-01
7.84114305 1.195541E-01
7.88008618 1.200069E-01
7.91922273 1.204469E-01
7.95855365 1.209092E-01
7.99807991 1.213689E-01
8.03780248 1.218042E-01
8.07772233 1.222819E-01
8.11784044 1.227317E-01
8.15815780 1.231762E-01
8.19867539 1.236421E-01
8.23939422 1.241131E-01
8.28031528 1.245852E-01
8.32143957 1.250537E-01
8.36276811 1.255253E-01
8.40430190 1.260113E-01
8.44604198 1.264805E-01
8.48798935 1.269569E-01
8.53014506 1.274494E-01
8.57251013 1.279207E-01
8.61508562 1.284027E-01
8.65787255 1.288987E-01
8.70087198 1.293938E-01
8.74408498 1.298976E-01
8.78751259 1.303846E-01
8.83115588 1.308900E-01
8.87501593 1.313886E-01
8.91909381 1.319071E-01
8.96339060 1.323766E-01
9.00790740 1.329021E-01
9.05264529 1.334235E-01
9.09760536 1.339276E-01
9.14278874 1.344621E-01
9.18819652 1.349582E-01
9.23382981 1.355141E-01
9.27968975 1.360244E-01
9.32577744 1.365483E-01
9.37209404 1.370654E-01
9.41864066 1.376229E-01
9.46541846 1.381363E-01
9.51242858 1.386915E-01
9.55967218 1.392345E-01
9.60715042 1.397806E-01
9.65486445 1.403345E-01
9.70281546 1.408887E-01
9.75100462 1.414382E-01
9.79943311 1.419783E-01
9.84810212 1.425483E-01
9.89701284 1.431032E-01
9.94616649 1.436730E-01
9.99556425 1.442388E-01
10.0452073 1.447897E-01
10.0950970 1.453583E-01
10.1452344 1.459506E-01
10.1956208 1.465206E-01
10.2462575 1.471002E-01
10.2971457 1.476699E-01
10.3482866 1.482738E-01
10.3996815 1.488841E-01
10.4513316 1.494716E-01
10.5032383 1.500794E-01
10.5554028 1.506659E-01
10.6078263 1.512684E-01
10.6605102 1.518556E-01
10.7134558 1.524587E-01
10.7666643 1.530652E-01
10.8201371 1.537020E-01
10.8738754 1.543165E-01
10.9278807 1.549433E-01
10.9821541 1.555712E-01
11.0366971 1.562003E-01
11.0915110 1.568290E-01
11.1465972 1.574672E-01
11.2019569 1.580688E-01
11.2575915 1.587122E-01
11.3135025 1.593591E-01
11.3696912 1.599871E-01
11.4261589 1.606481E-01
11.4829071 1.612900E-01
11.5399371 1.619519E-01
11.5972503 1.626007E-01
11.6548482 1.632676E-01
11.7127321 1.639072E-01
11.7709036 1.645815E-01
11.8293639 1.652599E-01
11.8881146 1.659458E-01
11.9471571 1.666305E-01
12.0064928 1.672923E-01
12.0661232 1.679791E-01
12.1260498 1.687104E-01
12.1862739 1.693736E-01
12.2467972 1.700770E-01
12.3076211 1.707845E-01
12.3687471 1.714821E-01
12.4301766 1.721930E-01
12.4919112 1.729313E-01
12.5539525 1.736122E-01
12.6163018 1.743290E-01
12.6789609 1.750643E-01
12.7419311 1.757937E-01
12.8052140 1.765318E-01
12.8688113 1.772610E-01
12.9327244 1.780117E-01
12.9969550 1.787530E-01
13.0615045 1.795122E-01
13.1263746 1.802527E-01
13.1915669 1.809823E-01
13.2570830 1.817833E-01
13.3229245 1.825262E-01
13.3890930 1.833005E-01
13.4555901 1.840655E-01
13.5224174 1.848449E-01
13.5895767 1.856000E-01
13.6570695 1.864040E-01
13.7248975 1.871733E-01
13.7930624 1.879733E-01
13.8615658 1.887699E-01
13.9304095 1.895663E-01
13.9995950 1.903833E-01
14.0691242 1.911651E-01
14.1389987 1.920279E-01
14.2092202 1.928281E-01
14.2797905 1.936280E-01
14.3507112 1.944587E-01
14.4219842 1.953074E-01
14.4936112 1.961431E-01
14.5655939 1.969770E-01
14.6379341 1.978085E-01
14.7106336 1.986670E-01
14.7836942 1.995124E-01
14.8571176 2.003804E-01
14.9309056 2.012557E-01
15.0050602 2.021514E-01
15.0795830 2.029898E-01
15.1544759 2.038738E-01
15.2297408 2.047606E-01
15.3053795 2.056593E-01
15.3813939 2.065594E-01
15.4577858 2.074152E-01
15.5345571 2.083266E-01
15.6117097 2.092396E-01
15.6892454 2.101196E-01
15.7671662 2.110615E-01
15.8454741 2.119846E-01
15.9241708 2.128962E-01
16.0032584 2.138674E-01
16.0827388 2.147799E-01
16.1626139 2.156968E-01
16.2428858 2.166433E-01
16.3235563 2.175884E-01
16.4046274 2.185541E-01
16.4861012 2.195259E-01
16.5679797 2.204754E-01
16.6502647 2.213989E-01
16.7329585 2.223833E-01
16.8160629 2.233806E-01
16.8995801 2.243743E-01
16.9835121 2.253787E-01
17.0678610 2.263621E-01
17.1526287 2.273617E-01
17.2378175 2.283596E-01
17.3234293 2.294055E-01
17.4094663 2.303748E-01
17.4959307 2.314117E-01
17.5828244 2.324393E-01
17.6701498 2.334805E-01
17.7579088 2.344908E-01
17.8461037 2.355321E-01
17.9347366 2.365631E-01
18.0238097 2.376300E-01
18.1133251 2.387200E-01
18.2032852 2.397541E-01
18.2936921 2.408321E-01
18.3845479 2.419474E-01
18.4758550 2.429793E-01
18.5676156 2.440923E-01
18.6598319 2.451654E-01
18.7525062 2.462483E-01
18.8456407 2.473998E-01
18.9392379 2.484975E-01
19.0332998 2.496037E-01
19.1278289 2.507144E-01
19.2228276 2.518636E-01
19.3182980 2.529783E-01
19.4142426 2.541479E-01
19.5106636 2.552942E-01
19.6075636 2.564639E-01
19.7049448 2.576318E-01
19.8028097 2.588086E-01
19.9011606 2.599744E-01
20.0000000 2.611224E-01