2000
0.001000	3.9746437475
0.001004	3.9527303726
0.001007	3.9269075802
0.001011	3.9051202366
0.001015	3.8834238418
0.001018	3.8579327966
0.001022	3.8362723391
0.001026	3.8148053889
0.001030	3.7933425109
0.001033	3.7682342715
0.001037	3.7469091953
0.001041	3.7256918406
0.001045	3.7045404237
0.001049	3.6834314361
0.001053	3.6619673787
0.001056	3.6371335225
0.001060	3.6158544299
0.001064	3.5946301786
0.001068	3.573513528
0.001072	3.5525392982
0.001076	3.5315598217
0.001080	3.5106648513
0.001084	3.4898299316
0.001088	3.469049646
0.001092	3.4484459213
0.001096	3.4278669319
0.001100	3.407325749
0.001104	3.3864679204
0.001108	3.3656018548
0.001112	3.3448328817
0.001116	3.3242679068
0.001120	3.3036160547
0.001124	3.2831615712
0.001128	3.2627868422
0.001132	3.2424578351
0.001137	3.225069068
0.001141	3.2049946641
0.001145	3.1849158526
0.001149	3.1649876682
0.001153	3.1450145761
0.001158	3.1279654772
0.001162	3.1081765053
0.001166	3.0885909689
0.001170	3.0689801938
0.001175	3.0520982372
0.001179	3.032705684
0.001183	3.0133904875
0.001188	2.9967519247
0.001192	2.9775302934
0.001196	2.9584461698
0.001201	2.9419101905
0.001205	2.9229920506
0.001210	2.9065139483
0.001214	2.8877666812
0.001218	2.8691065292
0.001223	2.8528244895
0.001227	2.8342926258
0.001232	2.8181399847
0.001236	2.7997712913
0.001241	2.783751769
0.001245	2.7655371462
0.001250	2.7496511293
0.001255	2.7333942926
0.001259	2.7151738023
0.001264	2.6991118705
0.001268	2.6810231123
0.001273	2.6651085548
0.001278	2.6492712118
0.001282	2.6314328981
0.001287	2.6157034426
0.001292	2.6000190327
0.001297	2.584374157
0.001301	2.5668298216
0.001306	2.5513405958
0.001311	2.5359384035
0.001316	2.5205858532
0.001321	2.5052114736
0.001325	2.488092945
0.001330	2.472949332
0.001335	2.4577615642
0.001340	2.4427319408
0.001345	2.4276993021
0.001350	2.4127083987
0.001355	2.3978312545
0.001360	2.3830005083
0.001365	2.3682485616
0.001370	2.3535181887
0.001375	2.3388876215
0.001380	2.324254555
0.001385	2.3097105946
0.001390	2.2952899174
0.001395	2.2808381231
0.001400	2.2664935942
0.001405	2.2518831149
0.001410	2.2373336995
0.001416	2.2243990941
0.001421	2.2099385681
0.001426	2.1955967406
0.001431	2.1812992491
0.001436	2.1671047419
0.001442	2.1543913066
0.001447	2.1402774388
0.001452	2.1261805032
0.001458	2.1136814529
0.001463	2.0996872495
0.001468	2.0857999541
0.001474	2.0733950882
0.001479	2.0597375666
0.001485	2.0474643183
0.001490	2.0337796569
0.001495	2.0202313088
0.001501	2.0080383018
0.001506	1.9944243974
0.001512	1.9822107732
0.001517	1.9686744537
0.001523	1.9565161722
0.001529	1.9444347769
0.001534	1.9311105308
0.001540	1.9190249995
0.001546	1.9071277431
0.001551	1.8940088781
0.001557	1.8821605427
0.001563	1.8703266872
0.001568	1.8573598416
0.001574	1.8456377104
0.001580	1.8339835708
0.001586	1.8223961606
0.001591	1.8097214553
0.001597	1.7982267834
0.001603	1.7867775049
0.001609	1.7753913172
0.001615	1.7640446523
0.001621	1.7527366714
0.001627	1.7414540818
0.001633	1.7302239854
0.001639	1.7190477488
0.001645	1.7078993821
0.001651	1.6968596929
0.001657	1.6858238914
0.001663	1.6749344378
0.001669	1.6639933723
0.001675	1.6531493823
0.001681	1.6423097369
0.001687	1.631536664
0.001694	1.6217665918
0.001700	1.6110744602
0.001706	1.6004532381
0.001712	1.5898131707
0.001718	1.5793702404
0.001725	1.5698325792
0.001731	1.559407662
0.001737	1.5490051272
0.001744	1.5395821913
0.001750	1.5293161276
0.001757	1.5197343749
0.001763	1.5093773436
0.001770	1.4999315005
0.001776	1.4897020658
0.001783	1.4802705175
0.001789	1.470085104
0.001796	1.4608141763
0.001802	1.4507355998
0.001809	1.4415287595
0.001815	1.4315344263
0.001822	1.4223940636
0.001829	1.4132621366
0.001835	1.4034204903
0.001842	1.3943976839
0.001849	1.3854311187
0.001856	1.376492939
0.001863	1.3675551285
0.001869	1.3579041756
0.001876	1.3491122787
0.001883	1.34024908
0.001890	1.3314124704
0.001897	1.3226316737
0.001904	1.3138673371
0.001911	1.3051775896
0.001918	1.2965087618
0.001925	1.2878603862
0.001932	1.2792616979
0.001939	1.2707154653
0.001946	1.2622020257
0.001953	1.2537057282
0.001960	1.2452682619
0.001968	1.2374835843
0.001975	1.2291350046
0.001982	1.220843447
0.001989	1.2126179696
0.001997	1.2049635954
0.002004	1.1967474933
0.002011	1.1884877625
0.002019	1.180845656
0.002026	1.1727602789
0.002033	1.164649424
0.002041	1.1571746331
0.002048	1.1490283965
0.002056	1.1416189739
0.002063	1.1336659545
0.002071	1.1264121699
0.002079	1.1190294966
0.002086	1.1112399242
0.002094	1.1040222589
0.002102	1.0967329027
0.002109	1.0890248618
0.002117	1.081851854
0.002125	1.0747223398
0.002133	1.067594197
0.002140	1.0600196653
0.002148	1.0529663729
0.002156	1.0460099817
0.002164	1.0390583186
0.002172	1.0319929494
0.002180	1.0249654739
0.002188	1.0182695945
0.002196	1.0114675258
0.002204	1.0046528201
0.002212	0.9978096568
0.002220	0.9909031258
0.002228	0.9841307528
0.002236	0.9773259243
0.002245	0.9710547478
0.002253	0.9643060495
0.002261	0.9576037943
0.002269	0.9510168392
0.002278	0.9448801477
0.002286	0.938311033
0.002294	0.9317254128
0.002303	0.9256010963
0.002311	0.9191017611
0.002320	0.9131504832
0.002328	0.9066584412
0.002337	0.9006334876
0.002345	0.8943373521
0.002354	0.8883686995
0.002363	0.8824936604
0.002371	0.8762076531
0.002380	0.8703565495
0.002389	0.864548842
0.002397	0.8583120097
0.002406	0.8525851729
0.002415	0.8467887299
0.002424	0.8410553812
0.002433	0.8353917034
0.002442	0.8297212039
0.002451	0.8241264608
0.002460	0.8185632827
0.002469	0.8130045718
0.002478	0.8073932055
0.002487	0.8018841678
0.002496	0.7963099078
0.002505	0.7908423285
0.002514	0.7852596195
0.002523	0.7798169066
0.002533	0.7746074416
0.002542	0.7691154468
0.002551	0.7637315106
0.002561	0.758680889
0.002570	0.7531936245
0.002579	0.747827626
0.002589	0.7428328189
0.002598	0.7375530748
0.002608	0.7325631055
0.002617	0.7272703149
0.002627	0.7223637221
0.002637	0.7174400977
0.002646	0.7123022225
0.002656	0.7074337337
0.002666	0.702615894
0.002675	0.6974802848
0.002685	0.6926777814
0.002695	0.6878734913
0.002705	0.6831875699
0.002715	0.678425648
0.002725	0.6737283274
0.002735	0.6690544106
0.002745	0.6644414397
0.002755	0.6598126981
0.002765	0.6551365352
0.002775	0.6505560364
0.002785	0.6460454934
0.002796	0.6417474058
0.002806	0.6372212715
0.002816	0.6326901079
0.002826	0.6282867643
0.002837	0.6240836121
0.002847	0.6196346377
0.002858	0.615375373
0.002868	0.6110542649
0.002879	0.6069289342
0.002889	0.6026400352
0.002900	0.5984671059
0.002910	0.5941922461
0.002921	0.590186673
0.002932	0.5861427772
0.002942	0.5818939574
0.002953	0.577897366
0.002964	0.5738035978
0.002975	0.5699004229
0.002986	0.5659178223
0.002997	0.5620370362
0.003008	0.5581152923
0.003019	0.5541481732
0.003030	0.5502625484
0.003041	0.5463408724
0.003052	0.542462851
0.003063	0.5386078741
0.003074	0.5347970358
0.003086	0.5311636062
0.003097	0.5273159195
0.003108	0.5235364663
0.003120	0.5199549271
0.003131	0.5162484207
0.003143	0.5126564632
0.003154	0.5089864069
0.003166	0.5054853326
0.003177	0.5018051706
0.003189	0.4983290521
0.003201	0.4948411824
0.003212	0.491268446
0.003224	0.4878189226
0.003236	0.4843936975
0.003248	0.4809838544
0.003260	0.4775831291
0.003272	0.4742107378
0.003284	0.4708199709
0.003296	0.4675114699
0.003308	0.464126466
0.003320	0.4608299586
0.003332	0.4575465273
0.003344	0.4542776486
0.003357	0.451126294
0.003369	0.4479114109
0.003381	0.4446753999
0.003394	0.4416194937
0.003406	0.4384075682
0.003419	0.4353619306
0.003431	0.4321975841
0.003444	0.4291603543
0.003456	0.4260300367
0.003469	0.4230462009
0.003482	0.4200776778
0.003494	0.4169944565
0.003507	0.4140153606
0.003520	0.4110759954
0.003533	0.4080959786
0.003546	0.4051677485
0.003559	0.4022670437
0.003572	0.3993630813
0.003585	0.3964820161
0.003598	0.3936265479
0.003611	0.3907785832
0.003625	0.388035099
0.003638	0.3852191815
0.003651	0.3824282037
0.003665	0.3797545212
0.003678	0.3769566848
0.003692	0.3742970421
0.003705	0.3715722851
0.003719	0.3689010892
0.003732	0.3661995733
0.003746	0.3635838495
0.003760	0.3610011962
0.003774	0.3584573423
0.003787	0.3557803213
0.003801	0.3532401232
0.003815	0.3507039209
0.003829	0.3481787332
0.003843	0.3456611085
0.003857	0.3432148403
0.003871	0.3406782422
0.003886	0.3383290289
0.003900	0.3359022209
0.003914	0.3334371045
0.003928	0.3310250384
0.003943	0.3286894573
0.003957	0.3262878949
0.003972	0.3239723932
0.003986	0.3215863117
0.004001	0.319304793
0.004016	0.3170437898
0.004030	0.3146466345
0.004045	0.312407333
0.004060	0.3101709234
0.004075	0.3079118022
0.004090	0.3056729191
0.004105	0.3034493842
0.004120	0.3012284353
0.004135	0.2990130685
0.004150	0.2967830138
0.004165	0.2946308341
0.004181	0.2924920203
0.004196	0.2903597657
0.004211	0.2882223196
0.004227	0.2861867597
0.004242	0.2840476259
0.004258	0.2820169992
0.004273	0.279910752
0.004289	0.2778991354
0.004305	0.2758956605
0.004321	0.2738993081
0.004336	0.2718814363
0.004352	0.2698814823
0.004368	0.2679372743
0.004384	0.2659911054
0.004400	0.2640259332
0.004416	0.2620973881
0.004433	0.260219279
0.004449	0.2583296234
0.004465	0.2564415552
0.004482	0.2546085036
0.004498	0.2527395406
0.004514	0.2508577036
0.004531	0.2490423123
0.004548	0.2472098422
0.004564	0.2453696659
0.004581	0.243578169
0.004598	0.241790563
0.004615	0.2400354731
0.004632	0.2382742563
0.004648	0.2364655576
0.004666	0.2347699909
0.004683	0.2330485037
0.004700	0.2313030229
0.004717	0.2295834428
0.004734	0.2279082034
0.004752	0.2262703825
0.004769	0.2245757962
0.004787	0.2229338232
0.004804	0.2212752313
0.004822	0.2196625163
0.004839	0.2180097764
0.004857	0.216425303
0.004875	0.2148488456
0.004893	0.2132724012
0.004911	0.2116911715
0.004929	0.2101224137
0.004947	0.2086018057
0.004965	0.207058128
0.004983	0.2055153642
0.005001	0.2040073429
0.005020	0.2025172292
0.005038	0.2010005173
0.005057	0.199537224
0.005075	0.1980217814
0.005094	0.1965632843
0.005112	0.1950908801
0.005131	0.1936574401
0.005150	0.1922328305
0.005169	0.1907942573
0.005188	0.1893891167
0.005207	0.1879712795
0.005226	0.1865801365
0.005245	0.1851905417
0.005264	0.1838018129
0.005284	0.1824676311
0.005303	0.1810977772
0.005322	0.1797488291
0.005342	0.1784331538
0.005361	0.1770795901
0.005381	0.1757815518
0.005401	0.1744891964
0.005421	0.1731871928
0.005440	0.1718771612
0.005460	0.1706024435
0.005480	0.1693304113
0.005500	0.1680804276
0.005521	0.1668449043
0.005541	0.165589363
0.005561	0.1643458302
0.005582	0.1631446973
0.005602	0.1619006829
0.005623	0.1606995101
0.005643	0.1594811805
0.005664	0.1583058622
0.005685	0.1571291112
0.005705	0.1559284491
0.005726	0.1547652895
0.005747	0.1536148922
0.005768	0.1524648851
0.005790	0.1513478819
0.005811	0.1502055606
0.005832	0.1490756048
0.005853	0.1479528921
0.005875	0.1468626642
0.005896	0.1457605197
0.005918	0.1446627001
0.005940	0.143593709
0.005961	0.142497444
0.005983	0.141435857
0.006005	0.1403798858
0.006027	0.1393144251
0.006049	0.1382658026
0.006072	0.1372356818
0.006094	0.136199823
0.006116	0.1351669144
0.006139	0.1341577468
0.006161	0.1331308718
0.006184	0.1321436818
0.006206	0.1311293643
0.006229	0.1301368415
0.006252	0.1291595035
0.006275	0.128198572
0.006298	0.1272297798
0.006321	0.1262706517
0.006344	0.1253110025
0.006367	0.1243617983
0.006391	0.1234414287
0.006414	0.122509044
0.006438	0.1215915748
0.006461	0.1206639529
0.006485	0.1197600391
0.006509	0.1188630426
0.006532	0.1179439858
0.006556	0.1170594161
0.006580	0.1161792549
0.006605	0.1153137705
0.006629	0.1144433381
0.006653	0.1135773774
0.006677	0.1127150306
0.006702	0.1118648241
0.006726	0.1110145875
0.006751	0.1101876774
0.006776	0.1093544245
0.006801	0.1085292621
0.006826	0.1077103507
0.006851	0.106897743
0.006876	0.1060833441
0.006901	0.1052830346
0.006926	0.1044830697
0.006952	0.1037010735
0.006977	0.102912298
0.007003	0.1021431261
0.007028	0.1013552344
0.007054	0.1005884657
0.007080	0.0998200291
0.007106	0.0990649197
0.007132	0.0983050476
0.007158	0.0975565101
0.007184	0.0968023253
0.007211	0.0960792611
0.007237	0.0953335333
0.007264	0.094617257
0.007290	0.0938854525
0.007317	0.0931695893
0.007344	0.0924677318
0.007371	0.0917627165
0.007398	0.0910630446
0.007425	0.0903681878
0.007452	0.0896777548
0.007479	0.0889935518
0.007507	0.0883172601
0.007534	0.0876321698
0.007562	0.0869708407
0.007590	0.0863141989
0.007617	0.0856405233
0.007645	0.0849914414
0.007673	0.0843416552
0.007701	0.0836947873
0.007730	0.0830623306
0.007758	0.0824248836
0.007786	0.0817935078
0.007815	0.0811731198
0.007844	0.080560332
0.007872	0.0799336
0.007901	0.079327744
0.007930	0.0787229927
0.007959	0.0781245518
0.007988	0.0775275016
0.008018	0.076933123
0.008047	0.076339489
0.008077	0.075755828
0.008106	0.0751689081
0.008136	0.0745888735
0.008166	0.0740197039
0.008196	0.0734527301
0.008226	0.0728855507
0.008256	0.0723291894
0.008286	0.071769244
0.008316	0.0712158946
0.008347	0.0706751299
0.008378	0.0701347785
0.008408	0.0695844938
0.008439	0.069057733
0.008470	0.0685231117
0.008501	0.0679949946
0.008532	0.0674673086
0.008563	0.0669492831
0.008595	0.0664376949
0.008626	0.0659247886
0.008658	0.0654239051
0.008690	0.0649172557
0.008722	0.0644182995
0.008754	0.0639290571
0.008786	0.0634317404
0.008818	0.0629449958
0.008850	0.0624560564
0.008883	0.0619833313
0.008915	0.0615045517
0.008948	0.0610354513
0.008981	0.060567415
0.009013	0.0600917517
0.009047	0.0596329057
0.009080	0.059171301
0.009113	0.0587077258
0.009146	0.0582511728
0.009180	0.0578053685
0.009214	0.0573588531
0.009247	0.0569054635
0.009281	0.0564650082
0.009315	0.0560243409
0.009349	0.0555855345
0.009384	0.0551657956
0.009418	0.0547389622
0.009453	0.0543135558
0.009487	0.0538919558
0.009522	0.0534732211
0.009557	0.0530579703
0.009592	0.0526444006
0.009627	0.0522329628
0.009662	0.0518320671
0.009698	0.0514301841
0.009733	0.0510272772
0.009769	0.0506329613
0.009805	0.0502399271
0.009841	0.0498491251
0.009877	0.0494626473
0.009913	0.0490825882
0.009949	0.0486967619
0.009986	0.0483232072
0.010022	0.0479436815
0.010059	0.0475712598
0.010096	0.0472008535
0.010133	0.0468328217
0.010170	0.0464664005
0.010207	0.0461009692
0.010245	0.045746359
0.010282	0.0453837661
0.010320	0.0450305755
0.010358	0.0446790825
0.010396	0.044331876
0.010434	0.0439865154
0.010472	0.0436435108
0.010511	0.0433020167
0.010549	0.0429649121
0.010588	0.0426287251
0.010627	0.0422984587
0.010665	0.0419631342
0.010705	0.0416395414
0.010744	0.0413129124
0.010783	0.0409884413
0.010823	0.0406727027
0.010862	0.0403539254
0.010902	0.0400375713
0.010942	0.0397268148
0.010982	0.0394122478
0.011022	0.0391034132
0.011063	0.0387993021
0.011103	0.0384909248
0.011144	0.038186345
0.011185	0.0378893935
0.011226	0.0375932406
0.011267	0.0372956562
0.011308	0.0370009435
0.011350	0.0367107129
0.011391	0.0364202313
0.011433	0.0361376023
0.011475	0.035854938
0.011517	0.0355733569
0.011559	0.0352959269
0.011602	0.0350187135
0.011644	0.0347446325
0.011687	0.0344720785
0.011730	0.034202016
0.011773	0.0339312429
0.011816	0.033663488
0.011859	0.0334026384
0.011903	0.0331440044
0.011946	0.0328809528
0.011990	0.0326251884
0.012034	0.0323651554
0.012078	0.0321118369
0.012122	0.0318621118
0.012167	0.0316119791
0.012211	0.0313621809
0.012256	0.0311204644
0.012301	0.030875065
0.012346	0.030630954
0.012391	0.0303910466
0.012437	0.0301543062
0.012482	0.0299132343
0.012528	0.0296798516
0.012574	0.0294442967
0.012620	0.0292106321
0.012666	0.0289801558
0.012713	0.0287558117
0.012759	0.028523135
0.012806	0.0283034545
0.012853	0.0280775779
0.012900	0.0278567808
0.012948	0.0276386273
0.012995	0.0274182531
0.013043	0.0272043008
0.013090	0.0269873198
0.013138	0.0267742788
0.013187	0.0265659334
0.013235	0.0263537936
0.013283	0.0261462496
0.013332	0.0259369936
0.013381	0.0257315043
0.013430	0.0255295237
0.013479	0.0253284251
0.013529	0.0251280423
0.013578	0.0249285734
0.013628	0.0247313147
0.013678	0.024535769
0.013728	0.0243438751
0.013778	0.0241525391
0.013829	0.02396053
0.013880	0.0237726955
0.013930	0.0235851278
0.013981	0.0233970428
0.014033	0.0232124512
0.014084	0.0230282919
0.014136	0.0228455444
0.014188	0.0226659844
0.014240	0.0224830029
0.014292	0.0223053362
0.014344	0.0221268877
0.014397	0.0219530896
0.014450	0.0217808007
0.014502	0.0216075886
0.014556	0.021435742
0.014609	0.0212661026
0.014663	0.0210992066
0.014716	0.0209295255
0.014770	0.0207650608
0.014824	0.0206012778
0.014879	0.0204381229
0.014933	0.020275433
0.014988	0.0201167719
0.015043	0.0199546465
0.015098	0.0197966
0.015153	0.0196384427
0.015209	0.0194803452
0.015265	0.019325823
0.015321	0.0191702397
0.015377	0.019016035
0.015433	0.0188651829
0.015490	0.0187138143
0.015546	0.0185652831
0.015603	0.0184155645
0.015661	0.018270586
0.015718	0.0181232279
0.015776	0.0179793223
0.015833	0.0178345995
0.015891	0.0176914035
0.015950	0.0175519061
0.016008	0.0174123809
0.016067	0.0172742902
0.016126	0.0171361895
0.016185	0.017000097
0.016244	0.0168631237
0.016304	0.0167320574
0.016363	0.0165969486
0.016423	0.0164672982
0.016484	0.0163377744
0.016544	0.0162086482
0.016605	0.0160808471
0.016665	0.0159509214
0.016727	0.0158259975
0.016788	0.0157018249
0.016849	0.0155774189
0.016911	0.0154558897
0.016973	0.015333043
0.017035	0.0152114145
0.017098	0.0150910968
0.017160	0.0149719949
0.017223	0.0148549082
0.017286	0.0147369308
0.017350	0.0146234134
0.017413	0.0145079627
0.017477	0.0143942834
0.017541	0.0142780856
0.017606	0.0141658134
0.017670	0.014051259
0.017735	0.0139401198
0.017800	0.0138288551
0.017865	0.0137189423
0.017931	0.0136104206
0.017996	0.0135032542
0.018062	0.0133939946
0.018128	0.0132882825
0.018195	0.0131827664
0.018262	0.0130781621
0.018329	0.0129760872
0.018396	0.012870927
0.018463	0.0127692269
0.018531	0.0126682904
0.018599	0.0125666113
0.018667	0.0124689751
0.018735	0.0123696774
0.018804	0.0122710832
0.018873	0.012174003
0.018942	0.0120758453
0.019011	0.0119815207
0.019081	0.0118869933
0.019151	0.0117923486
0.019221	0.0116994398
0.019292	0.0116063732
0.019362	0.0115156589
0.019433	0.0114233373
0.019505	0.0113334019
0.019576	0.0112424572
0.019648	0.0111537019
0.019720	0.0110668203
0.019792	0.010979117
0.019865	0.0108918734
0.019938	0.0108067292
0.020011	0.0107206872
0.020084	0.0106351506
0.020158	0.0105518596
0.020231	0.0104683852
0.020306	0.0103872689
0.020380	0.0103031742
0.020455	0.0102218628
0.020530	0.0101397518
0.020605	0.0100602512
0.020680	0.0099808902
0.020756	0.0099007243
0.020832	0.0098218127
0.020909	0.0097451746
0.020985	0.0096674503
0.021062	0.009591364
0.021139	0.0095158688
0.021217	0.0094420655
0.021295	0.0093670495
0.021373	0.0092941068
0.021451	0.009221448
0.021530	0.0091495275
0.021609	0.0090765927
0.021688	0.0090047849
0.021767	0.0089335249
0.021847	0.0088639574
0.021927	0.0087952908
0.022007	0.0087259153
0.022088	0.0086562768
0.022169	0.0085889164
0.022250	0.0085216133
0.022332	0.0084535072
0.022414	0.0083869885
0.022496	0.0083218841
0.022578	0.008255437
0.022661	0.0081913576
0.022744	0.0081252772
0.022827	0.0080626231
0.022911	0.0079995979
0.022995	0.0079374107
0.023079	0.0078755327
0.023164	0.0078147323
0.023249	0.0077541008
0.023334	0.0076929268
0.023420	0.0076324751
0.023505	0.0075736934
0.023592	0.0075152182
0.023678	0.00745581
0.023765	0.0073975021
0.023852	0.0073401414
0.023939	0.0072840046
0.024027	0.0072272274
0.024115	0.0071712104
0.024204	0.0071156166
0.024292	0.007060516
0.024381	0.0070055203
0.024471	0.0069513155
0.024560	0.0068980091
0.024650	0.0068449307
0.024741	0.0067927583
0.024831	0.006739535
0.024922	0.0066877128
0.025014	0.0066366526
0.025105	0.0065846393
0.025197	0.0065338467
0.025290	0.0064834022
0.025383	0.0064324246
0.025476	0.0063825179
0.025569	0.0063344199
0.025663	0.0062849824
0.025757	0.0062362419
0.025851	0.0061882682
0.025946	0.0061412309
0.026041	0.0060935121
0.026136	0.0060468278
0.026232	0.005999944
0.026328	0.0059547997
0.026425	0.0059088195
0.026522	0.0058626856
0.026619	0.0058184467
0.026716	0.0057739999
0.026814	0.0057311869
0.026913	0.0056868147
0.027011	0.0056432969
0.027110	0.0056005167
0.027210	0.0055576313
0.027309	0.0055159799
0.027409	0.0054736016
0.027510	0.0054328435
0.027611	0.0053921458
0.027712	0.0053515249
0.027813	0.0053121255
0.027915	0.0052737807
0.028018	0.0052340268
0.028120	0.0051947064
0.028224	0.0051568522
0.028327	0.0051193683
0.028431	0.0050820306
0.028535	0.0050443974
0.028640	0.0050077004
0.028745	0.0049703933
0.028850	0.0049341244
0.028956	0.0048989764
0.029062	0.0048629548
0.029168	0.0048272576
0.029275	0.0047913057
0.029382	0.0047570312
0.029490	0.0047232079
0.029598	0.0046880967
0.029707	0.0046546159
0.029816	0.0046209614
0.029925	0.0045881188
0.030035	0.0045554182
0.030145	0.0045214606
0.030255	0.0044881378
0.030366	0.004456272
0.030477	0.0044239329
0.030589	0.0043916617
0.030701	0.0043604841
0.030814	0.0043289733
0.030927	0.0042980539
0.031040	0.0042670867
0.031154	0.0042366365
0.031268	0.0042063254
0.031382	0.0041762885
0.031498	0.0041477168
0.031613	0.0041179412
0.031729	0.0040888247
0.031845	0.0040600203
0.031962	0.004031534
0.032079	0.0040034219
0.032197	0.0039748466
0.032315	0.003947597
0.032433	0.0039206561
0.032552	0.0038929562
0.032671	0.0038662101
0.032791	0.0038400059
0.032911	0.0038129673
0.033032	0.0037870931
0.033153	0.0037618047
0.033274	0.0037353894
0.033396	0.0037099106
0.033519	0.0036859033
0.033641	0.0036602354
0.033765	0.0036361875
0.033889	0.0036113768
0.034013	0.0035876883
0.034137	0.0035629006
0.034263	0.0035396154
0.034388	0.0035160462
0.034514	0.0034922664
0.034641	0.0034695175
0.034768	0.0034463942
0.034895	0.0034239576
0.035023	0.0034015714
0.035151	0.0033792179
0.035280	0.0033576083
0.035409	0.0033358733
0.035539	0.0033145246
0.035669	0.0032928986
0.035800	0.0032719114
0.035931	0.003250813
0.036063	0.003229765
0.036195	0.0032094443
0.036328	0.0031892823
0.036461	0.003169545
0.036595	0.0031499096
0.036729	0.0031293701
0.036863	0.0031105001
0.036999	0.0030905912
0.037134	0.0030717398
0.037270	0.0030533372
0.037407	0.0030346098
0.037544	0.0030158391
0.037682	0.0029978579
0.037820	0.0029792036
0.037958	0.0029620036
0.038097	0.0029440453
0.038237	0.0029266686
0.038377	0.002908979
0.038518	0.0028916903
0.038659	0.0028745964
0.038801	0.002857979
0.038943	0.0028414285
0.039086	0.0028255813
0.039229	0.0028087018
0.039373	0.0027933418
0.039517	0.0027769659
0.039662	0.0027610964
0.039807	0.0027459689
0.039953	0.0027308475
0.040100	0.0027152776
0.040247	0.0027002434
0.040394	0.0026856102
0.040542	0.0026708976
0.040691	0.0026564608
0.040840	0.0026422714
0.040990	0.0026276953
0.041140	0.0026137561
0.041291	0.0025996803
0.041442	0.0025862548
0.041594	0.0025730354
0.041746	0.0025594297
0.041899	0.0025460249
0.042053	0.0025331965
0.042207	0.0025199073
0.042362	0.0025075851
0.042517	0.0024952385
0.042673	0.0024824449
0.042829	0.0024701876
0.042986	0.0024579348
0.043144	0.0024461658
0.043302	0.0024347661
0.043460	0.0024228203
0.043620	0.0024113575
0.043780	0.0023997829
0.043940	0.0023886965
0.044101	0.002377579
0.044263	0.0023668603
0.044425	0.0023560518
0.044588	0.0023453812
0.044751	0.0023350158
0.044915	0.0023244832
0.045080	0.0023142475
0.045245	0.0023042214
0.045411	0.0022943021
0.045577	0.0022844926
0.045744	0.0022749599
0.045912	0.002265248
0.046080	0.0022558263
0.046249	0.0022468056
0.046419	0.0022375848
0.046589	0.0022289067
0.046760	0.0022199298
0.046931	0.002211502
0.047103	0.002202443
0.047276	0.0021939818
0.047449	0.0021860815
0.047623	0.0021776404
0.047797	0.0021697902
0.047973	0.0021618158
0.048148	0.0021536165
0.048325	0.0021460567
0.048502	0.002138193
0.048680	0.0021311503
0.048858	0.0021242301
0.049037	0.0021167506
0.049217	0.0021098621
0.049397	0.0021027003
0.049578	0.0020963176
0.049760	0.0020892114
0.049942	0.0020826735
0.050126	0.0020762686
0.050309	0.0020698818
0.050494	0.002064059
0.050679	0.0020576411
0.050864	0.0020517406
0.051051	0.0020455423
0.051238	0.0020398859
0.051426	0.002034176
0.051614	0.0020286543
0.051803	0.0020231197
0.051993	0.0020181803
0.052184	0.0020126265
0.052375	0.002007895
0.052567	0.0020024935
0.052760	0.0019978021
0.052953	0.0019931916
0.053147	0.001988684
0.053342	0.001983762
0.053537	0.0019793905
0.053734	0.0019750357
0.053931	0.0019707239
0.054128	0.0019665638
0.054327	0.0019627267
0.054526	0.0019592408
0.054726	0.0019551161
0.054926	0.0019515931
0.055128	0.0019480413
0.055330	0.0019447446
0.055532	0.0019409331
0.055736	0.0019377891
0.055940	0.0019345922
0.056145	0.0019316802
0.056351	0.001928811
0.056558	0.0019255762
0.056765	0.0019227914
0.056973	0.0019203885
0.057182	0.0019179717
0.057391	0.0019155196
0.057602	0.0019130009
0.057813	0.0019105888
0.058025	0.0019083591
0.058237	0.0019063815
0.058451	0.0019042894
0.058665	0.0019026316
0.058880	0.0019007603
0.059096	0.0018991553
0.059312	0.001897454
0.059530	0.0018961924
0.059748	0.0018947352
0.059967	0.001893243
0.060187	0.0018924943
0.060407	0.001891315
0.060629	0.0018899694
0.060851	0.0018891219
0.061074	0.0018885085
0.061298	0.0018872428
0.061522	0.0018870116
0.061748	0.0018862762
0.061974	0.001885775
0.062201	0.0018854253
0.062429	0.0018852557
0.062658	0.0018851283
0.062888	0.0018848398
0.063118	0.0018848004
0.063350	0.0018848978
0.063582	0.0018852734
0.063815	0.0018851824
0.064049	0.001885822
0.064284	0.0018860455
0.064519	0.0018863019
0.064756	0.0018869285
0.064993	0.0018880336
0.065231	0.0018889376
0.065470	0.0018899099
0.065710	0.0018905883
0.065951	0.0018918861
0.066193	0.001893084
0.066435	0.0018944658
0.066679	0.0018959567
0.066923	0.0018974559
0.067169	0.0018990117
0.067415	0.0019006131
0.067662	0.0019019065
0.067910	0.0019041479
0.068159	0.0019058951
0.068409	0.0019076637
0.068659	0.0019102004
0.068911	0.0019121784
0.069163	0.0019144929
0.069417	0.0019165128
0.069671	0.0019191223
0.069927	0.0019213211
0.070183	0.0019242936
0.070440	0.0019269715
0.070698	0.0019296277
0.070958	0.0019323229
0.071218	0.001934924
0.071479	0.0019378001
0.071741	0.0019410584
0.072004	0.0019440223
0.072267	0.0019473903
0.072532	0.00195049
0.072798	0.0019536544
0.073065	0.0019570825
0.073333	0.0019606838
0.073602	0.0019642407
0.073871	0.0019681316
0.074142	0.0019717873
0.074414	0.0019754465
0.074687	0.0019796308
0.074960	0.0019836016
0.075235	0.0019872975
0.075511	0.0019914568
0.075788	0.001995682
0.076065	0.0020000962
0.076344	0.0020045307
0.076624	0.0020089673
0.076905	0.0020132633
0.077187	0.0020183656
0.077470	0.0020227408
0.077753	0.0020273139
0.078038	0.0020324962
0.078324	0.002037079
0.078612	0.0020420007
0.078900	0.0020471702
0.079189	0.0020523763
0.079479	0.0020580463
0.079770	0.0020629115
0.080063	0.0020685703
0.080356	0.0020737507
0.080651	0.0020794703
0.080946	0.0020853265
0.081243	0.0020907679
0.081541	0.0020964759
0.081840	0.0021024664
0.082140	0.0021086881
0.082441	0.002114667
0.082743	0.0021208081
0.083046	0.0021269467
0.083350	0.0021333048
0.083656	0.0021396824
0.083962	0.0021455899
0.084270	0.0021522575
0.084579	0.0021586013
0.084889	0.0021654219
0.085200	0.0021719587
0.085512	0.0021786793
0.085826	0.002185846
0.086140	0.0021924599
0.086456	0.0021996529
0.086773	0.0022069358
0.087091	0.0022141172
0.087410	0.0022211895
0.087731	0.0022288523
0.088052	0.0022359853
0.088375	0.0022436213
0.088699	0.0022510496
0.089024	0.0022585972
0.089350	0.0022666481
0.089678	0.0022739516
0.090006	0.0022820274
0.090336	0.0022899401
0.090667	0.0022982174
0.091000	0.0023061341
0.091333	0.0023142322
0.091668	0.0023222976
0.092004	0.0023307243
0.092341	0.002339252
0.092680	0.0023474738
0.093019	0.0023564965
0.093360	0.0023650815
0.093702	0.0023737714
0.094046	0.0023823989
0.094390	0.0023913301
0.094736	0.0024001188
0.095084	0.0024095518
0.095432	0.0024181671
0.095782	0.0024274453
0.096133	0.0024367715
0.096485	0.0024458982
0.096839	0.0024550423
0.097194	0.0024646251
0.097550	0.0024741088
0.097908	0.0024837314
0.098266	0.0024935415
0.098627	0.0025034651
0.098988	0.0025131897
0.099351	0.0025231865
0.099715	0.0025331062
0.100081	0.0025433916
0.100447	0.0025531056
0.100815	0.0025635462
0.101185	0.0025738036
0.101556	0.0025843075
0.101928	0.0025945317
0.102302	0.0026052432
0.102677	0.0026160016
0.103053	0.0026266752
0.103431	0.0026372071
0.103810	0.0026483096
0.104190	0.0026592156
0.104572	0.0026702433
0.104955	0.0026812457
0.105340	0.0026922701
0.105726	0.002703444
0.106114	0.0027144919
0.106503	0.0027262247
0.106893	0.0027378589
0.107285	0.0027493734
0.107678	0.0027606444
0.108073	0.0027727456
0.108469	0.0027844297
0.108866	0.0027963692
0.109265	0.002808352
0.109666	0.002820119
0.110068	0.0028320915
0.110471	0.002844387
0.110876	0.0028565147
0.111282	0.0028686572
0.111690	0.0028812722
0.112099	0.0028938766
0.112510	0.0029062812
0.112923	0.0029191944
0.113337	0.0029316516
0.113752	0.0029444602
0.114169	0.0029574063
0.114587	0.0029705889
0.115007	0.0029829984
0.115429	0.0029961539
0.115852	0.0030093746
0.116277	0.0030230782
0.116703	0.0030360526
0.117130	0.0030497041
0.117560	0.0030627744
0.117991	0.0030767315
0.118423	0.0030904634
0.118857	0.0031038706
0.119293	0.0031180104
0.119730	0.0031314599
0.120169	0.0031458947
0.120609	0.0031599957
0.121051	0.0031738533
0.121495	0.0031881624
0.121940	0.0032023937
0.122387	0.003216457
0.122836	0.0032312212
0.123286	0.0032458999
0.123738	0.0032605516
0.124191	0.0032751707
0.124646	0.0032902375
0.125103	0.0033048114
0.125562	0.0033203079
0.126022	0.0033351696
0.126484	0.0033496798
0.126948	0.0033648435
0.127413	0.0033809435
0.127880	0.0033960739
0.128348	0.003411097
0.128819	0.0034267775
0.129291	0.00344218
0.129765	0.0034580514
0.130241	0.0034737392
0.130718	0.0034896336
0.131197	0.0035059789
0.131678	0.0035215678
0.132160	0.0035375408
0.132645	0.0035541407
0.133131	0.0035700645
0.133619	0.003586865
0.134109	0.0036032931
0.134600	0.0036196305
0.135094	0.0036359893
0.135589	0.0036527391
0.136086	0.0036703009
0.136584	0.0036866345
0.137085	0.003703444
0.137587	0.0037207348
0.138092	0.0037371529
0.138598	0.0037547901
0.139106	0.0037717852
0.139616	0.0037891721
0.140127	0.0038073972
0.140641	0.0038248528
0.141156	0.003842445
0.141674	0.0038596149
0.142193	0.0038778384
0.142714	0.0038955863
0.143237	0.0039133651
0.143762	0.0039311657
0.144289	0.0039499232
0.144818	0.0039676593
0.145349	0.0039859209
0.145881	0.0040051705
0.146416	0.004022849
0.146953	0.0040412887
0.147491	0.004060536
0.148032	0.0040792344
0.148575	0.0040982001
0.149119	0.0041171874
0.149666	0.0041363492
0.150214	0.0041552843
0.150765	0.0041745526
0.151317	0.0041934478
0.151872	0.004212943
0.152429	0.0042323922
0.152987	0.0042517565
0.153548	0.0042718072
0.154111	0.0042917445
0.154676	0.0043105385
0.155242	0.004330943
0.155811	0.0043506661
0.156382	0.0043709163
0.156956	0.0043906902
0.157531	0.0044111794
0.158108	0.0044321743
0.158688	0.0044525874
0.159269	0.0044723009
0.159853	0.0044927305
0.160439	0.0045132723
0.161027	0.0045348333
0.161617	0.0045554363
0.162210	0.0045768783
0.162804	0.0045973586
0.163401	0.0046187386
0.164000	0.0046398649
0.164601	0.0046614428
0.165204	0.0046828007
0.165810	0.00470452
0.166417	0.00472613
0.167027	0.0047478701
0.167639	0.0047699353
0.168254	0.0047913019
0.168870	0.0048142535
0.169489	0.0048368245
0.170111	0.004858405
0.170734	0.0048809155
0.171360	0.0049028995
0.171988	0.0049253032
0.172618	0.0049475987
0.173251	0.0049715068
0.173886	0.0049937417
0.174523	0.0050164427
0.175163	0.0050394209
0.175805	0.0050629953
0.176449	0.0050853112
0.177096	0.0051097537
0.177745	0.0051325707
0.178397	0.0051559506
0.179050	0.0051796836
0.179707	0.0052042361
0.180365	0.0052268868
0.181026	0.0052510592
0.181690	0.0052747871
0.182356	0.0052987048
0.183024	0.005322795
0.183695	0.00534726
0.184368	0.0053718801
0.185044	0.0053963554
0.185722	0.0054207396
0.186403	0.0054455382
0.187086	0.0054704204
0.187772	0.0054950141
0.188460	0.0055203623
0.189151	0.005545373
0.189844	0.0055702344
0.190540	0.0055952989
0.191238	0.0056207278
0.191939	0.0056469244
0.192642	0.0056718797
0.193349	0.005697836
0.194057	0.0057239834
0.194768	0.0057490935
0.195482	0.0057752072
0.196199	0.0058017532
0.196918	0.0058282052
0.197640	0.0058535258
0.198364	0.00588017
0.199091	0.0059066361
0.199821	0.0059333731
0.200553	0.0059607602
0.201288	0.0059867537
0.202026	0.0060140138
0.202766	0.0060411242
0.203509	0.0060680627
0.204255	0.0060953234
0.205004	0.006122648
0.205755	0.0061498847
0.206509	0.0061775331
0.207266	0.0062049449
0.208026	0.0062335991
0.208788	0.0062607631
0.209554	0.0062892621
0.210322	0.0063168139
0.211093	0.0063448814
0.211866	0.0063740287
0.212643	0.0064018743
0.213422	0.0064304338
0.214204	0.0064587993
0.214989	0.0064877004
0.215777	0.0065170274
0.216568	0.006545891
0.217362	0.0065749636
0.218159	0.0066036203
0.218958	0.006633454
0.219761	0.0066631364
0.220566	0.0066927154
0.221375	0.0067217777
0.222186	0.0067516989
0.223000	0.006780924
0.223818	0.0068112426
0.224638	0.0068421773
0.225461	0.0068711915
0.226288	0.0069021778
0.227117	0.0069318417
0.227949	0.006962459
0.228785	0.0069928734
0.229623	0.0070236874
0.230465	0.0070543204
0.231310	0.0070855233
0.232158	0.0071165549
0.233008	0.0071479681
0.233862	0.007179851
0.234720	0.0072105115
0.235580	0.007241995
0.236443	0.0072737294
0.237310	0.0073059026
0.238180	0.0073371523
0.239053	0.0073694627
0.239929	0.0074013797
0.240808	0.0074329919
0.241691	0.0074658621
0.242577	0.0074981009
0.243466	0.0075305639
0.244358	0.0075649005
0.245254	0.0075965451
0.246153	0.0076290371
0.247055	0.0076624519
0.247960	0.0076954991
0.248869	0.0077281683
0.249781	0.0077624762
0.250697	0.0077958141
0.251615	0.0078298183
0.252538	0.0078626446
0.253463	0.0078967804
0.254392	0.0079309493
0.255325	0.0079670932
0.256260	0.007998435
0.257200	0.0080336008
0.258142	0.0080678113
0.259088	0.0081020155
0.260038	0.0081369331
0.260991	0.0081715805
0.261948	0.0082059644
0.262908	0.0082411969
0.263871	0.0082768609
0.264838	0.0083122292
0.265809	0.0083478748
0.266783	0.0083834964
0.267761	0.0084187916
0.268743	0.0084548027
0.269728	0.0084905823
0.270716	0.0085269797
0.271708	0.0085627935
0.272704	0.0085994828
0.273704	0.0086354278
0.274707	0.0086719387
0.275714	0.0087091409
0.276724	0.0087458899
0.277738	0.0087828195
0.278756	0.0088194504
0.279778	0.0088560283
0.280803	0.0088930152
0.281833	0.0089309705
0.282866	0.0089688681
0.283902	0.0090059299
0.284943	0.0090436135
0.285987	0.0090825347
0.287035	0.009119997
0.288087	0.0091574614
0.289143	0.0091963146
0.290203	0.0092343563
0.291267	0.0092734883
0.292334	0.0093118928
0.293406	0.0093501909
0.294481	0.0093907408
0.295560	0.0094293709
0.296644	0.0094688818
0.297731	0.0095073466
0.298822	0.0095472833
0.299917	0.0095871274
0.301017	0.0096278247
0.302120	0.009668098
0.303227	0.009706627
0.304339	0.0097470496
0.305454	0.0097859357
0.306574	0.009827135
0.307697	0.009868173
0.308825	0.0099098882
0.309957	0.0099489288
0.311093	0.0099904802
0.312233	0.0100312128
0.313377	0.0100726569
0.314526	0.0101148333
0.315679	0.010155396
0.316836	0.010197602
0.317997	0.0102401886
0.319163	0.0102806077
0.320332	0.0103239264
0.321506	0.0103649465
0.322685	0.0104074793
0.323867	0.0104495993
0.325054	0.0104921965
0.326246	0.0105351218
0.327442	0.0105776709
0.328642	0.0106200629
0.329846	0.0106635885
0.331055	0.0107067348
0.332268	0.0107501125
0.333486	0.0107938359
0.334709	0.0108381865
0.335935	0.01088119
0.337167	0.01092402
0.338402	0.0109689953
0.339643	0.0110131285
0.340887	0.0110575507
0.342137	0.0111016828
0.343391	0.0111463998
0.344649	0.0111912743
0.345913	0.0112360085
0.347180	0.0112814362
0.348453	0.0113264186
0.349730	0.0113718257
0.351012	0.0114167512
0.352298	0.0114618496
0.353590	0.0115092493
0.354886	0.0115543177
0.356186	0.0115997999
0.357492	0.0116453914
0.358802	0.0116927705
0.360117	0.0117394254
0.361437	0.0117857562
0.362762	0.0118322274
0.364091	0.0118784955
0.365426	0.0119264303
0.366765	0.0119737558
0.368109	0.0120201543
0.369458	0.0120670543
0.370812	0.0121152574
0.372172	0.0121626956
0.373536	0.0122098973
0.374905	0.0122587065
0.376279	0.012307214
0.377658	0.0123561202
0.379042	0.0124033026
0.380431	0.0124527138
0.381826	0.0125006392
0.383225	0.0125500775
0.384630	0.0125990531
0.386039	0.0126468935
0.387454	0.0126972812
0.388874	0.0127467337
0.390300	0.0127966376
0.391730	0.0128451847
0.393166	0.0128955419
0.394607	0.0129450767
0.396053	0.0129949987
0.397505	0.0130471444
0.398962	0.0130973172
0.400424	0.0131463156
0.401892	0.0131967426
0.403365	0.0132472816
0.404843	0.0132989168
0.406327	0.0133498664
0.407816	0.0134022566
0.409311	0.0134532383
0.410811	0.0135053623
0.412317	0.013557496
0.413828	0.0136100731
0.415344	0.013661544
0.416867	0.0137151332
0.418395	0.0137672754
0.419928	0.0138195427
0.421467	0.0138722414
0.423012	0.0139247702
0.424562	0.0139784272
0.426118	0.0140315938
0.427680	0.0140851745
0.429248	0.0141378876
0.430821	0.014192602
0.432400	0.0142455273
0.433985	0.0142999596
0.435575	0.0143544727
0.437172	0.0144082367
0.438774	0.0144631018
0.440382	0.0145171304
0.441996	0.0145738
0.443616	0.0146272427
0.445242	0.0146814436
0.446874	0.0147375765
0.448512	0.0147910378
0.450156	0.0148469702
0.451806	0.0149035497
0.453462	0.014960091
0.455124	0.0150155246
0.456792	0.0150707345
0.458466	0.0151275052
0.460146	0.0151844738
0.461833	0.0152394275
0.463525	0.0152947509
0.465224	0.0153520143
0.466929	0.0154106341
0.468641	0.015465875
0.470358	0.0155237238
0.472082	0.0155823589
0.473813	0.0156413396
0.475549	0.0156985512
0.477292	0.0157541994
0.479042	0.0158145656
0.480797	0.0158744769
0.482559	0.015931652
0.484328	0.015992653
0.486103	0.016050296
0.487885	0.0161088366
0.489673	0.016168017
0.491468	0.0162289561
0.493269	0.0162878626
0.495077	0.0163461776
0.496891	0.0164078667
0.498713	0.016468313
0.500541	0.0165270831
0.502375	0.016588694
0.504216	0.0166499018
0.506064	0.0167080457
0.507919	0.0167697535
0.509781	0.0168328163
0.511649	0.0168930958
0.513524	0.0169533566
0.515407	0.0170164172
0.517296	0.0170785447
0.519192	0.0171416518
0.521094	0.0172041471
0.523004	0.0172645209
0.524921	0.0173269277
0.526845	0.0173904375
0.528776	0.0174551607
0.530714	0.0175175801
0.532659	0.0175803129
0.534612	0.0176430231
0.536571	0.0177053515
0.538538	0.0177693955
0.540511	0.0178346972
0.542492	0.0178982953
0.544481	0.0179632445
0.546476	0.0180263702
0.548479	0.0180912396
0.550490	0.0181554618
0.552507	0.0182195409
0.554532	0.0182846564
0.556565	0.0183494931
0.558605	0.0184152694
0.560652	0.0184801637
0.562707	0.0185447697
0.564769	0.0186117279
0.566839	0.0186779734
0.568917	0.0187445933
0.571002	0.0188109089
0.573095	0.0188767274
0.575195	0.0189433813
0.577303	0.0190095286
0.579419	0.0190747955
0.581543	0.0191421583
0.583674	0.0192071036
0.585813	0.0192768844
0.587961	0.0193457396
0.590116	0.0194132703
0.592278	0.0194819301
0.594449	0.0195486939
0.596628	0.0196173327
0.598815	0.0196852645
0.601009	0.0197541949
0.603212	0.0198224356
0.605423	0.0198938796
0.607642	0.0199618476
0.609869	0.0200310472
0.612104	0.0201015655
0.614348	0.0201706545
0.616599	0.0202414766
0.618859	0.0203096382
0.621128	0.0203798557
0.623404	0.0204519442
0.625689	0.0205224714
0.627982	0.0205922146
0.630284	0.0206618136
0.632594	0.020734271
0.634912	0.0208043662
0.637239	0.0208753703
0.639575	0.0209488798
0.641919	0.0210209885
0.644272	0.0210925158
0.646633	0.0211638502
0.649003	0.0212377111
0.651382	0.0213113042
0.653769	0.0213820814
0.656166	0.0214546802
0.658570	0.0215296981
0.660984	0.0216014551
0.663407	0.0216749603
0.665838	0.021747767
0.668279	0.0218201279
0.670728	0.0218950927
0.673186	0.0219703444
0.675654	0.0220448807
0.678130	0.0221199642
0.680615	0.0221918686
0.683110	0.0222664361
0.685614	0.0223416902
0.688127	0.0224165146
0.690649	0.0224937874
0.693180	0.0225690431
0.695721	0.0226443431
0.698270	0.0227189217
0.700830	0.0227960476
0.703398	0.0228693751
0.705976	0.022948251
0.708564	0.0230224514
0.711161	0.0230982001
0.713767	0.0231761188
0.716383	0.0232544456
0.719009	0.0233304429
0.721644	0.0234076527
0.724289	0.0234860292
0.726944	0.0235655251
0.729608	0.0236423904
0.732282	0.0237212128
0.734966	0.0237981056
0.737660	0.0238739481
0.740364	0.0239543895
0.743077	0.0240332649
0.745801	0.0241135439
0.748534	0.0241927803
0.751278	0.0242732446
0.754031	0.0243520699
0.756795	0.0244302504
0.759569	0.0245114889
0.762353	0.0245925321
0.765147	0.0246690594
0.767951	0.0247544162
0.770766	0.0248314298
0.773591	0.0249120123
0.776426	0.0249936747
0.779272	0.0250724019
0.782128	0.0251559829
0.784994	0.0252387961
0.787872	0.0253187096
0.790759	0.0253993894
0.793657	0.0254837378
0.796566	0.0255630448
0.799486	0.0256478916
0.802416	0.0257284872
0.805357	0.0258111308
0.808309	0.0258968187
0.811271	0.025977943
0.814245	0.0260605872
0.817229	0.0261429107
0.820224	0.0262282158
0.823231	0.0263144322
0.826248	0.0263983769
0.829276	0.0264790276
0.832316	0.0265668145
0.835366	0.0266501568
0.838428	0.026734914
0.841501	0.0268186891
0.844585	0.0269016727
0.847681	0.0269890387
0.850787	0.0270771905
0.853906	0.0271592912
0.857035	0.0272485978
0.860176	0.0273326835
0.863329	0.0274215482
0.866493	0.0275103436
0.869669	0.0275939105
0.872857	0.0276793765
0.876056	0.0277669024
0.879267	0.0278525482
0.882489	0.0279382596
0.885724	0.0280274082
0.888970	0.0281148551
0.892228	0.0282025731
0.895498	0.028289204
0.898781	0.0283788478
0.902075	0.0284643228
0.905381	0.0285519739
0.908699	0.0286431803
0.912030	0.028731052
0.915372	0.0288188955
0.918727	0.0289052949
0.922095	0.0289970723
0.925474	0.0290860664
0.928866	0.0291739764
0.932271	0.0292640903
0.935688	0.0293531967
0.939117	0.0294454761
0.942559	0.0295368189
0.946014	0.0296272848
0.949481	0.0297147538
0.952961	0.0298081837
0.956454	0.0299022636
0.959959	0.0299921264
0.963478	0.0300838987
0.967009	0.0301726965
0.970553	0.0302624588
0.974110	0.0303596872
0.977681	0.0304490621
0.981264	0.0305437479
0.984860	0.0306326648
0.988470	0.0307268592
0.992093	0.0308166732
0.995729	0.0309113419
0.999379	0.0310032157
1.003041	0.0310978316
1.006718	0.0311900942
1.010407	0.0312863062
1.014111	0.0313774135
1.017828	0.031474964
1.021558	0.0315677377
1.025302	0.031661417
1.029060	0.0317576454
1.032832	0.0318545774
1.036617	0.0319480233
1.040417	0.0320450171
1.044230	0.0321377183
1.048057	0.0322309455
1.051898	0.0323250498
1.055754	0.0324229451
1.059623	0.0325148761
1.063507	0.0326177383
1.067405	0.0327093329
1.071317	0.0328055418
1.075243	0.0329014716
1.079184	0.0330018018
1.083140	0.0330971665
1.087110	0.0331944052
1.091094	0.0332898836
1.095093	0.0333925991
1.099107	0.033484324
1.103135	0.0335847702
1.107178	0.033682005
1.111236	0.0337794942
1.115309	0.0338786105
1.119397	0.0339755825
1.123500	0.0340753712
1.127617	0.0341726526
1.131750	0.0342742312
1.135898	0.0343734028
1.140061	0.0344752167
1.144240	0.0345749338
1.148434	0.0346737245
1.152643	0.0347722707
1.156867	0.0348715693
1.161108	0.034972498
1.165363	0.035074882
1.169634	0.0351772285
1.173921	0.0352752649
1.178224	0.0353757796
1.182542	0.0354780157
1.186876	0.0355782474
1.191226	0.0356801747
1.195592	0.0357830069
1.199974	0.0358866832
1.204373	0.0359875597
1.208787	0.0360928013
1.213217	0.0361936812
1.217664	0.0362932764
1.222127	0.0363948209
1.226606	0.0364993062
1.231102	0.0366031621
1.235614	0.0367050965
1.240142	0.0368105947
1.244688	0.0369150314
1.249250	0.037016761
1.253828	0.0371244281
1.258424	0.037228158
1.263036	0.0373320622
1.267665	0.0374348692
1.272312	0.0375393333
1.276975	0.0376436898
1.281655	0.0377530644
1.286352	0.0378568811
1.291067	0.0379611344
1.295799	0.0380668645
1.300548	0.0381712925
1.305315	0.0382792558
1.310099	0.038386136
1.314901	0.0384948221
1.319720	0.0385951313
1.324557	0.0387065659
1.329412	0.0388178675
1.334284	0.0389213268
1.339175	0.0390297509
1.344083	0.039135896
1.349009	0.039242776
1.353953	0.0393536315
1.358916	0.0394606358
1.363897	0.0395699517
1.368895	0.0396798054
1.373913	0.0397859098
1.378948	0.0398930112
1.384002	0.0400032528
1.389075	0.0401095475
1.394166	0.0402212241
1.399276	0.0403311979
1.404404	0.0404357181
1.409552	0.0405516094
1.414718	0.0406569874
1.419903	0.0407768342
1.425107	0.0408860134
1.430330	0.040992586
1.435573	0.0411025969
1.440834	0.0412139168
1.446115	0.0413264679
1.451415	0.0414377711
1.456735	0.0415520859
1.462074	0.0416640237
1.467433	0.0417750761
1.472811	0.0418823691
1.478209	0.0419973093
1.483627	0.0421066935
1.489065	0.0422215431
1.494522	0.0423330904
1.500000	0.0424237393